0.85904,0.92782,0.25287,0.29884,0.17052,0.73594,0.42833,0.56795,0.47437,0.24567,0.10423,0.86909,0.99752,0.44862,0.30752,0.85831,0.797,0.86989,-1
0.60604,0.45773,0.35945,0.30696,0.84333,0.93485,0.44457,0.82801,0.29662,0.61687,0.97579,0.91434,0.84525,0.86415,0.34671,0.35657,0.43845,0.51226,1
0.9976,0.37324,0.5174,0.50499,0.6189,0.60557,0.74623,0.19593,0.81567,0.67936,0.80341,0.644,0.71844,0.92478,0.31537,0.25064,0.28564,0.36586,1
0.78341,0.10406,0.19753,0.42184,0.74206,0.49083,0.0055254,0.39212,0.010015,0.47146,0.59788,0.76166,0.36275,0.91282,0.97797,0.84592,0.69943,0.47599,1
0.40625,0.5132,0.061812,0.63584,0.8448,0.4415,0.19193,0.48755,0.35853,0.55154,0.74388,0.31235,0.65022,0.52226,0.043545,0.37666,0.2801,0.13228,1
0.041379,0.62903,0.30338,0.81341,0.22282,0.97121,0.60978,0.6478,0.73791,0.44094,0.035982,0.61587,0.017487,0.93232,0.32932,0.95412,0.13538,0.2948,1
0.16105,0.54884,0.15358,0.65442,0.14035,0.79665,0.40584,0.66264,0.049427,0.57852,0.26485,0.95922,0.69811,0.46736,0.63708,0.011251,0.14733,0.21381,1
0.4153,0.89873,0.93182,0.91665,0.39911,0.0094451,0.84626,0.68377,0.39731,0.88677,0.52243,0.69477,0.88652,0.41167,0.48111,0.92655,0.026431,0.09274,1
0.16676,0.35297,0.98812,0.28707,0.56363,0.40271,0.38093,0.47919,0.060165,0.23652,0.29048,0.39183,0.25494,0.4884,0.053684,0.86223,0.41506,0.48713,1
0.65563,0.41393,0.80529,0.16349,0.8619,0.94759,0.54656,0.42614,0.41708,0.94561,0.32539,0.66653,0.37427,0.10029,0.21329,0.22286,0.0072862,0.42003,1
0.59001,0.29369,0.4235,0.3298,0.45784,0.82978,0.49777,0.15944,0.97112,0.49234,0.084269,0.97433,0.92642,0.29543,0.80421,0.87084,0.5463,0.88487,1
0.88193,0.42492,0.90322,0.17331,0.79101,0.47618,0.68118,0.90584,0.82842,0.083717,0.52057,0.072915,0.94809,0.99962,0.72846,0.28589,0.21089,0.83359,1
0.96101,0.97691,0.85793,0.61497,0.61552,0.35277,0.83396,0.095092,0.23089,0.95483,0.57718,0.78351,0.53042,0.17517,0.54446,0.081392,0.73301,0.53137,-1
0.17253,0.013556,0.62345,0.51914,0.25446,0.36695,0.055696,0.5185,0.37126,0.85378,0.34704,0.94735,0.59728,0.42881,0.40137,0.82045,0.59958,0.13568,1
0.39651,0.20124,0.96811,0.83644,0.60998,0.24468,0.78827,0.35602,0.12505,0.5101,0.40397,0.86561,0.49952,0.58965,0.014998,0.89335,0.56212,0.028449,1
0.05162,0.31091,0.90929,0.71912,0.43317,0.99714,0.23138,0.77159,0.59307,0.10914,0.21512,0.051819,0.29353,0.75185,0.92248,0.60657,0.31821,0.71885,1
0.81436,0.69677,0.70288,0.97564,0.98348,0.031137,0.93889,0.74485,0.75225,0.41252,0.58666,0.94165,0.24747,0.55021,0.22989,0.69148,0.99931,0.64706,1
0.59562,0.79153,0.79412,0.43067,0.91678,0.89779,0.72978,0.5602,0.65895,0.83525,0.64476,0.44422,0.82004,0.87806,0.23845,0.41354,0.37873,0.97305,1
0.45329,0.22781,0.86896,0.83955,0.13335,0.95134,0.17908,0.023152,0.14485,0.67427,0.083273,0.43724,0.23138,0.42455,0.57862,0.14028,0.53891,0.62039,1
0.35868,0.53976,0.4082,0.39134,0.66098,0.73028,0.41556,0.67797,0.092243,0.4577,0.97105,0.11667,0.89342,0.89528,0.41211,0.06749,0.25495,0.1467,1
0.7952,0.12979,0.88182,0.53127,0.547,0.6266,0.68977,0.94165,0.46642,0.098313,0.43514,0.73037,0.86827,0.85282,0.52598,0.78542,0.6306,0.74092,1
0.50068,0.36045,0.93911,0.14999,0.57904,0.29749,0.90561,0.76523,0.026879,0.60875,0.31625,0.8426,0.38443,0.601,0.94149,0.98167,0.22505,0.69264,1
0.029454,0.67572,0.02493,0.11383,0.83369,0.26819,0.93641,0.57727,0.72836,0.84649,0.41985,0.28623,0.78201,0.456,0.45086,0.90922,0.8271,0.12596,1
0.29486,0.81787,0.54848,0.98325,0.47517,0.67225,0.19805,0.27025,0.45398,0.72545,0.65335,0.099092,0.36906,0.25206,0.42608,0.38171,0.77582,0.56184,1
0.48392,0.27283,0.28801,0.42408,0.82587,0.68673,0.317,0.10718,0.76105,0.72097,0.98484,0.34524,0.14505,0.96169,0.021561,0.12772,0.97818,0.87752,1
0.774,0.029995,0.50094,0.18144,0.50191,0.017165,0.68384,0.23944,0.69485,0.76267,0.11862,0.6941,0.48932,0.35413,0.52781,0.77771,0.30912,0.26273,1
0.42028,0.37187,0.74221,0.063045,0.18916,0.84614,0.87423,0.14382,0.1563,0.35384,0.39312,0.63384,0.78837,0.85628,0.60202,0.16863,0.53452,0.98751,1
0.53135,0.14879,0.34509,0.085157,0.73701,0.34531,0.17223,0.69067,0.097401,0.1834,0.37157,0.4807,0.50699,0.82397,0.14671,0.59553,0.37159,0.19985,1
0.30504,0.24067,0.83074,0.021991,0.99855,0.29442,0.71617,0.41555,0.92141,0.13947,0.069256,0.98145,0.20588,0.19422,0.50113,0.18176,0.69108,0.61579,1
0.2501,0.73477,0.93769,0.89297,0.23556,0.98242,0.5329,0.39845,0.19563,0.89828,0.73603,0.88906,0.97848,0.82865,0.44261,0.45204,0.76988,0.43587,1
0.38408,0.88315,0.02928,0.35947,0.35738,0.52627,0.036278,0.59075,0.13751,0.048151,0.66252,0.338,0.30589,0.026762,0.030902,0.33905,0.57648,0.75957,1
0.71521,0.32916,0.57608,0.022301,0.38434,0.82269,0.71693,0.3252,0.85468,0.39864,0.83567,0.46798,0.0048253,0.68227,0.11424,0.56603,0.5592,0.80277,1
0.6786,0.11574,0.52914,0.18838,0.41822,0.33333,0.13833,0.1202,0.53258,0.96735,0.15875,0.47475,0.14295,0.16427,0.80907,0.76881,0.93603,0.40234,1
0.74269,0.42065,0.43197,0.68629,0.043078,0.041824,0.98683,0.86841,0.4141,0.53065,0.42267,0.18238,0.89742,0.72973,0.1582,0.87517,0.61895,0.21837,1
0.014698,0.94457,0.24576,0.6806,0.967,0.44979,0.59308,0.27249,0.67648,0.75646,0.61987,0.90925,0.70211,0.7636,0.37694,0.47716,0.35257,0.3281,1
0.19848,0.43605,0.66826,0.99595,0.10909,0.034916,0.26448,0.99253,0.70067,0.4107,0.000419,0.30955,0.73163,0.69952,0.14332,0.24972,0.12911,0.82339,1
0.49284,0.2369,0.63688,0.5418,0.068864,0.86035,0.45734,0.059165,0.38244,0.34901,0.33349,0.29801,0.76359,0.064541,0.00073196,0.74519,0.6711,0.0056988,1
0.94236,0.75872,0.47584,0.83307,0.09325,0.16102,0.8286,0.215,0.39258,0.65021,0.81806,0.016791,0.39393,0.62284,0.068229,0.59225,0.55553,0.10281,1
0.40357,0.62418,0.35227,0.69197,0.21477,0.81458,0.43789,0.22024,0.57483,0.25685,0.54555,0.36001,0.052521,0.92071,0.67687,0.82881,0.29934,0.12172,1
0.12288,0.60444,0.492,0.11715,0.40381,0.59146,0.65734,0.18231,0.65488,0.55898,0.60062,0.03493,0.74595,0.055228,0.9511,0.74237,0.38652,0.78453,1
0.80934,0.25225,0.55405,0.056499,0.56925,0.053864,0.47607,0.044143,0.15459,0.21863,0.35699,0.3829,0.21572,0.7177,0.32464,0.71325,0.46103,0.52212,1
0.93178,0.53449,0.07235,0.50804,0.79735,0.85494,0.5344,0.49942,0.86582,0.51479,0.50073,0.41041,0.54909,0.11791,0.90131,0.27406,0.64432,0.038789,1
0.31999,0.50019,0.54254,0.57893,0.93913,0.18756,0.64398,0.10177,0.61033,0.38091,0.8781,0.68167,0.92924,0.98824,0.13634,0.12809,0.64809,0.38453,1
0.67558,0.90487,0.96547,0.7639,0.63356,0.75931,0.21683,0.25534,0.6652,0.36836,0.7479,0.93494,0.95688,0.4203,0.987,0.95568,0.48511,0.20647,-1
0.1329,0.96159,0.51478,0.81953,0.28864,0.52893,0.79668,0.84394,0.037139,0.4642,0.77628,0.77523,0.1242,0.74023,0.88395,0.20302,0.032278,0.68873,1
0.36611,0.16214,0.55923,0.88801,0.33494,0.089916,0.46629,0.65275,0.54121,0.47561,0.37355,0.70962,0.61306,0.88466,0.87565,0.54936,0.16646,0.53777,1
0.1158,0.76121,0.3441,0.77704,0.15846,0.6647,0.57614,0.044687,0.77418,0.49762,0.39457,0.067845,0.057784,0.15304,0.61385,0.27166,0.05997,0.59526,1
0.86213,0.39089,0.59926,0.85409,0.77146,0.060718,0.3056,0.71919,0.49019,0.60471,0.53093,0.059818,0.60647,0.20907,0.96128,0.79185,0.19049,0.84358,1
0.72829,0.78326,0.95996,0.054978,0.4223,0.18956,0.76851,0.89801,0.94013,0.69624,0.014254,0.84872,0.2692,0.31733,0.36539,0.73247,0.44587,0.003184,-1
0.89214,0.83426,0.7324,0.37506,0.72028,0.9393,0.22449,0.86045,0.86676,0.83068,0.98977,0.57523,0.44194,0.32576,0.0090968,0.94749,0.84507,0.63929,1
0.3472,0.023074,0.66563,0.96706,0.37813,0.33637,0.82156,0.91162,0.78894,0.82721,0.49242,0.567,0.63446,0.069407,0.51406,0.3193,0.43002,0.30484,1
0.46656,0.92563,0.60452,0.30406,0.58594,0.54166,0.89494,0.97306,0.24959,0.77681,0.48748,0.36669,0.094332,0.44168,0.35611,0.69497,0.88978,0.18035,1
0.60231,0.82225,0.91455,0.26441,0.027094,0.69112,0.97182,0.67225,0.72406,0.7387,0.51483,0.24443,0.038655,0.25808,0.81755,0.66718,0.074185,0.46708,1
0.63458,0.58164,0.053602,0.29393,0.29938,0.53421,0.15643,0.63837,0.55734,0.53502,0.27027,0.75484,0.93352,0.70992,0.58911,0.80236,0.42392,0.25674,1
0.68486,0.4681,0.70953,0.96437,0.6738,0.131,0.7088,0.61907,0.52429,0.22581,0.01687,0.23743,0.68361,0.31572,0.25001,0.046623,0.74474,0.76315,1
0.89638,0.19554,0.46146,0.70903,0.88022,0.32316,0.29982,0.94765,0.98577,0.16582,0.67737,0.19991,0.077449,0.1242,0.75614,0.22059,0.32789,0.55632,1
0.13719,0.45154,0.62906,0.23982,0.99016,0.35676,0.31323,0.59478,0.21572,0.68638,0.68995,0.71966,0.17315,0.36485,0.42845,0.91698,0.7507,0.1577,1
0.96465,0.86732,0.43695,0.070029,0.14487,0.19928,0.70118,0.36641,0.96465,0.12794,0.68703,0.97149,0.025957,0.34414,0.099746,0.20724,0.00046511,0.94912,-1
0.44049,0.28669,0.75067,0.8819,0.92471,0.77714,0.97785,0.30448,0.20622,0.71228,0.0077722,0.20138,0.086849,0.48903,0.93223,0.72531,0.8552,0.071784,1
0.22447,0.99881,0.66095,0.79579,0.20166,0.64586,0.55864,0.47362,0.017065,0.060002,0.16768,0.55358,0.26586,0.18351,0.2776,0.65431,0.52967,0.29434,1
0.25891,0.71812,0.23798,0.25684,0.29049,0.27904,0.38621,0.065132,0.88403,0.43073,0.72342,0.52296,0.69204,0.57857,0.75085,0.80919,0.93004,0.054707,1
0.52221,0.56097,0.048323,0.80919,0.93097,0.78676,0.06894,0.73003,0.78207,0.20245,0.27911,0.37241,0.41265,0.64727,0.67913,0.89999,0.80392,0.025171,1
0.61647,0.7416,0.78166,0.03342,0.23975,0.14975,0.40523,0.9378,0.063071,0.034082,0.63376,0.31937,0.99291,0.40875,0.38585,0.55443,0.45555,0.25048,-1
0.10885,0.80542,0.3881,0.25194,0.39281,0.088559,0.33988,0.017619,0.60045,0.53998,0.076222,0.35071,0.90176,0.13582,0.25684,0.43027,0.88618,0.94331,1
0.46703,0.44765,0.56557,0.36159,0.65202,0.80163,0.75065,0.95512,0.53423,0.87555,0.44423,0.12887,0.90761,0.35876,0.89548,0.75552,0.76425,0.77863,1
0.66304,0.26665,0.10505,0.92215,0.23266,0.12019,0.022208,0.36721,0.93691,0.59506,0.59323,0.41835,0.33134,0.48161,0.19464,0.763,0.21993,0.23342,1
0.16614,0.28027,0.068818,0.73433,0.53413,0.013868,0.14561,0.57866,0.89526,0.86541,0.55056,0.50538,0.75191,0.33461,0.76759,0.1081,0.60248,0.9031,1
0.5428,0.21706,0.27033,0.61005,0.32192,0.57176,0.21213,0.1472,0.94952,0.020036,0.36521,0.21346,0.3261,0.38285,0.12532,0.99726,0.72679,0.81463,1
0.31035,0.55135,0.33023,0.7,0.4512,0.0012148,0.5153,0.2472,0.086283,0.2945,0.98173,0.85555,0.22185,0.57342,0.21777,0.50241,0.33672,0.5503,1
0.55423,0.64032,0.1792,0.94382,0.96544,0.90798,0.28835,0.13722,0.9312,0.45072,0.93125,0.26867,0.71646,0.76918,0.77621,0.96936,0.59159,0.85232,1
0.060471,0.033473,0.27457,0.33602,0.059398,0.87591,0.69981,0.40441,0.86025,0.15656,0.88877,0.21047,0.57522,0.65234,0.21018,0.57655,0.65282,0.19131,1
0.83718,0.34921,0.13913,0.91065,0.72387,0.4362,0.44431,0.89227,0.27585,0.57299,0.56957,0.59327,0.68071,0.52042,0.073067,0.12064,0.51631,0.66002,1
0.27142,0.65311,0.9928,0.77984,0.46274,0.22566,0.57083,0.52345,0.22313,0.15193,0.45989,0.18959,0.67334,0.10955,0.53473,0.71013,0.83146,0.89819,1
0.023921,0.7885,0.39274,0.86211,0.81538,0.63107,0.47009,0.52856,0.97953,0.64946,0.38435,0.17565,0.34424,0.70136,0.30194,0.93927,0.31642,0.70177,1
0.27381,0.60829,0.16828,0.67635,0.013716,0.81918,0.54149,0.49347,0.18041,0.61211,0.46553,0.90226,0.63158,0.099089,0.54268,0.16361,0.81636,0.71191,1
0.49844,0.51829,0.015844,0.039334,0.80337,0.7418,0.90493,0.038076,0.27092,0.66166,0.14196,0.80441,0.47824,0.97994,0.72765,0.34766,0.98885,0.44794,1
0.28834,0.94353,0.79757,0.80386,0.6327,0.22055,0.42607,0.56358,0.79736,0.10369,0.85375,0.9841,0.066713,0.39641,0.69272,0.18835,0.90561,0.35007,1
0.90674,0.84561,0.03389,0.38295,0.64563,0.93279,0.040095,0.54963,0.21778,0.92301,0.35332,0.82858,0.86521,0.084083,0.36743,0.53713,0.087576,0.2723,-1
0.79076,0.096439,0.37617,0.32344,0.27164,0.91576,0.096577,0.67221,0.9112,0.32179,0.23677,0.40301,0.61978,0.50206,0.99848,0.16084,0.26485,0.47866,1
0.64426,0.96902,0.81563,0.56121,0.77811,0.45435,0.91836,0.80992,0.2547,0.41931,0.7809,0.015305,0.43223,0.77251,0.52202,0.077207,0.17286,0.84736,1
0.24412,0.17721,0.29181,0.39757,0.49367,0.31384,0.85359,0.50498,0.76907,0.8698,0.95537,0.81439,0.33452,0.5056,0.38088,0.70099,0.34279,0.70902,1
0.80518,0.069965,0.31403,0.13725,0.029913,0.37776,0.88713,0.16478,0.43248,0.069008,0.89144,0.43157,0.078651,0.73335,0.49301,0.5667,0.047051,0.32019,1
0.67159,0.7302,0.94989,0.27411,0.82136,0.99045,0.045889,0.1151,0.16834,0.0095199,0.8238,0.53283,0.60348,0.076425,0.24084,0.43814,0.86612,0.10902,1
0.5794,0.51016,0.22187,0.55549,0.68903,0.07646,0.24909,0.26513,0.89347,0.54454,0.51071,0.12752,0.66652,0.94389,0.60682,0.98913,0.1882,0.90721,1
0.97731,0.59722,0.30908,0.98351,0.2795,0.90033,0.76016,0.20495,0.56434,0.75548,0.8624,0.70317,0.55454,0.32793,0.82922,0.054988,0.97771,0.50476,-1
0.4731,0.9792,0.25634,0.011956,0.55319,0.55476,0.58313,0.92255,0.46828,0.76853,0.91349,0.18376,0.83934,0.2858,0.90702,0.46177,0.6352,0.021074,-1
0.50808,0.56895,0.010988,0.35166,0.89574,0.68249,0.99846,0.43838,0.3004,0.33809,0.17981,0.22903,0.18871,0.84419,0.39076,0.28314,0.50009,0.30701,1
0.48289,0.91795,0.57004,0.46612,0.11273,0.92643,0.25734,0.12527,0.4268,0.99541,0.028072,0.30061,0.011346,0.60661,0.69664,0.44489,0.52126,0.73213,1
0.54994,0.9886,0.38153,0.60142,0.1312,0.20884,0.80985,0.9288,0.68997,0.66797,0.20484,0.62511,0.046851,0.54308,0.10385,0.61119,0.70318,0.37233,1
0.62993,0.0089944,0.57983,0.75404,0.32492,0.36482,0.093782,0.69646,0.074278,0.81618,0.84406,0.57884,0.099853,0.8123,0.85828,0.60482,0.5274,0.38039,1
0.69306,0.058344,0.69644,0.47413,0.86819,0.80999,0.89032,0.98493,0.35108,0.43494,0.1315,0.14027,0.71046,0.11261,0.63332,0.44233,0.96544,0.95067,1
0.91778,0.31282,0.62025,0.38705,0.44338,0.8937,0.50037,0.55476,0.16601,0.91193,0.40933,0.56301,0.32153,0.47644,0.084984,0.48619,0.067262,0.86361,1
0.9698,0.69142,0.52603,0.082364,0.10468,0.7894,0.80543,0.63111,0.59713,0.29198,0.41325,0.65447,0.87309,0.078749,0.57052,0.63943,0.67801,0.99104,-1
0.0012544,0.9359,0.76961,0.79262,0.35319,0.66745,0.81614,0.96418,0.71125,0.58409,0.16529,0.80935,0.28761,0.99187,0.88993,0.5301,0.89823,0.88028,1
0.76781,0.86267,0.095828,0.095428,0.51083,0.20376,0.78974,0.79402,0.11982,0.94416,0.25958,0.27532,0.77161,0.74687,0.40813,0.93786,0.1791,0.7753,-1
0.84247,0.1262,0.58933,0.64359,0.71194,0.54556,0.36244,0.37502,0.62709,0.26122,0.14599,0.293,0.19439,0.95639,0.066554,0.38742,0.35848,0.20346,1
0.38199,0.95173,0.092209,0.92403,0.19879,0.64123,0.11731,0.87584,0.63227,0.44746,0.75368,0.26002,0.56302,0.61983,0.037426,0.72013,0.75784,0.43185,1
0.97883,0.14139,0.95155,0.090105,0.016874,0.25674,0.0078205,0.2966,0.73894,0.97543,0.47223,0.13356,0.4691,0.091389,0.48793,0.40439,0.83379,0.85843,1
0.95005,0.26905,0.27855,0.62627,0.85966,0.71269,0.23875,0.84708,0.0053256,0.35953,0.27338,0.64999,0.10839,0.90133,0.16645,0.58527,0.6243,0.4413,1
0.55965,0.21198,0.69407,0.15072,0.12654,0.16255,0.25423,0.81288,0.92562,0.90144,0.61385,0.26581,0.40731,0.72718,0.87051,0.23089,0.66224,0.17669,1
0.086031,0.077761,0.058896,0.43635,0.33151,0.77173,0.67225,0.29335,0.051208,0.64321,0.17486,0.83697,0.39556,0.56144,0.27982,0.63197,0.19566,0.99882,1
0.58588,0.53294,0.74466,0.94581,0.41077,0.65502,0.51935,0.052596,0.20345,0.13427,0.86866,0.52016,0.97136,0.46218,0.35533,0.41093,0.080404,0.39808,1
0.0086408,0.43252,0.99826,0.11017,0.67101,0.17081,0.20767,0.70308,0.61118,0.63267,0.94831,0.66907,0.92015,0.27086,0.048259,0.82619,0.7378,0.73342,1
0.0494,0.04927,0.75922,0.66452,0.77406,0.86398,0.59679,0.87942,0.58787,0.21285,0.3097,0.58819,0.67185,0.43792,0.083007,0.87818,0.10669,0.085559,1
0.076474,0.71096,0.88379,0.123,0.90528,0.23619,0.36703,0.78159,0.34456,0.81735,0.71268,0.54903,0.85119,0.30686,0.2054,0.64574,0.88329,0.75225,1
0.29059,0.46609,0.21438,0.45063,0.52437,0.39624,0.33092,0.86153,0.82447,0.31337,0.90288,0.49335,0.79937,0.22123,0.95761,0.84444,0.41896,0.58529,1
0.069438,0.11742,0.19288,0.19329,0.12009,0.57303,0.32336,0.70587,0.80758,0.70001,0.84587,0.5344,0.46216,0.62927,0.5084,0.62486,0.28958,0.66466,1
0.37584,0.37927,0.41451,0.90067,0.70318,0.41228,0.48994,0.1296,0.31894,0.93321,0.7187,0.17145,0.80914,0.26308,0.91264,0.54334,0.93929,0.31209,1
0.915,0.88999,0.80943,0.76087,0.68801,0.26286,0.45178,0.28778,0.62116,0.27108,0.76112,0.73422,0.78996,0.1677,0.33389,0.67337,0.23901,0.078374,-1
0.33599,0.85463,0.72063,0.1303,0.30742,0.28697,0.52414,0.50976,0.31339,0.91879,0.089391,0.026184,0.85573,0.7934,0.059836,0.81448,0.16791,0.37161,1
0.52413,0.017452,0.92293,0.72787,0.59462,0.70447,0.92507,0.17079,0.64896,0.0020148,0.69665,0.9172,0.18103,0.05678,0.57295,0.73576,0.25985,0.96672,1
0.56331,0.7119,0.58473,0.0054932,0.94954,0.77961,0.12815,0.3487,0.26288,0.34298,0.21799,0.039079,0.51534,0.37267,0.12101,0.17422,0.36215,0.74897,1
0.43032,0.2556,0.76306,0.20847,0.95939,0.46614,0.27632,0.17314,0.57815,0.025777,0.43223,0.25055,0.64962,0.80544,0.4195,0.24185,0.61652,0.83064,1
0.32466,0.8088,0.43891,0.046525,0.57356,0.27564,0.025166,0.78779,0.80514,0.36373,0.7941,0.15425,0.50344,0.75618,0.58593,0.65793,0.23553,0.9601,1
0.86826,0.90937,0.77376,0.7026,0.34025,0.13594,0.074364,0.3343,0.078312,0.19454,0.041904,0.75868,0.51741,0.67761,0.73977,0.97271,0.57913,0.49495,-1
0.90232,0.3962,0.22437,0.14377,0.70649,0.25415,0.99235,0.25842,0.95003,0.054453,0.22275,0.50768,0.87791,0.39256,0.84944,0.4243,0.39066,0.27009,1
0.99075,0.61186,0.20242,0.2314,0.049095,0.17355,0.33474,0.91863,0.43581,0.012144,0.64222,0.53941,0.62472,0.2787,0.68717,0.029948,0.95653,0.59276,-1
0.70476,0.82825,0.45462,0.23583,0.75276,0.10014,0.20352,0.5115,0.41065,0.57058,0.9651,0.27822,0.53455,0.6722,0.86213,0.010162,0.71393,0.2459,1
0.74967,0.22741,0.0011811,0.072295,0.4999,0.14101,0.67004,0.99851,0.030296,0.96057,0.47219,0.8731,0.2335,0.27437,0.26786,0.50736,0.46739,0.93469,1
0.78187,0.36326,0.11881,0.66984,0.16397,0.42338,0.65181,0.54226,0.11617,0.12423,0.31885,0.76679,0.48564,0.69048,0.29483,0.68663,0.27484,0.57502,1
0.0983,0.91418,0.83954,0.27783,0.050644,0.12288,0.080786,0.58523,0.38775,0.48035,0.89551,0.46637,0.44674,0.13989,0.32036,0.31068,0.229,0.45427,1
0.24792,0.24963,0.64227,0.51207,0.53192,0.58441,0.30532,0.3084,0.90648,0.30422,0.49992,0.083028,0.65801,0.83605,0.1527,0.33678,0.8109,0.041256,1
0.17936,0.40409,0.41678,0.59777,0.90558,0.75122,0.86558,0.18633,0.11037,0.37231,0.70182,0.74483,0.27242,0.032835,0.82727,0.26148,0.32241,0.92008,1
0.37169,0.30515,0.60854,0.40343,0.18283,0.95685,0.92904,0.22259,0.84512,0.77794,0.057045,0.049813,0.98783,0.78307,0.28576,0.1023,0.30243,0.22932,1
0.75887,0.75256,0.085466,0.92797,0.72971,0.69553,0.63108,0.5342,0.40212,0.32248,0.45072,0.1561,0.73572,0.68832,0.18837,0.79632,0.66055,0.91629,1
0.93731,0.5258,0.18535,0.74914,0.85049,0.39302,0.16192,0.82505,0.071264,0.081483,0.28443,0.0024346,0.13631,0.84496,0.19247,0.30253,0.15838,0.49036,1
0.81768,0.68057,0.32028,0.46775,0.34665,0.2328,0.29155,0.19025,0.57105,0.62246,0.25258,0.36263,0.15545,0.89232,0.47019,0.58247,0.34981,0.69903,1
0.45678,0.32307,0.67426,0.34192,0.66192,0.50031,0.60337,0.6241,0.4781,0.80324,0.99526,0.33193,0.12891,0.79767,0.81247,0.46034,0.60751,0.62948,1
0.94589,0.19405,0.39502,0.55938,0.64057,0.88072,0.8581,0.45739,0.95958,0.51874,0.81459,0.49494,0.774,0.87687,0.18212,0.7598,0.47862,0.58303,1
0.92534,0.33859,0.78675,0.86905,0.87568,0.86678,0.051065,0.82122,0.49908,0.30986,0.56181,0.95059,0.16628,0.3678,0.55841,0.67989,0.020055,0.46531,1
0.44518,0.99044,0.81806,0.58741,0.54109,0.43226,0.13946,0.38117,0.8734,0.38951,0.63258,0.1162,0.4032,0.86698,0.87868,0.15529,0.12429,0.56828,1
0.081697,0.79933,0.49926,0.31196,0.30466,0.91993,0.48123,0.46188,0.45584,0.99138,0.71075,0.61863,0.45119,0.23484,0.16883,0.13565,0.3745,0.33388,1
0.23323,0.089443,0.92009,0.95694,0.48792,0.49779,0.11047,0.60237,0.54829,0.89084,0.53557,0.39882,0.83703,0.19706,0.66184,0.025352,0.094055,0.1131,1
0.69856,0.74965,0.13489,0.89678,0.36848,0.60316,0.50729,0.77577,0.67146,0.63443,0.30545,0.78892,0.9402,0.24268,0.99328,0.52523,0.063975,0.76926,-1
0.20715,0.5655,0.019014,0.57106,0.6829,0.40788,0.76629,0.4411,0.19307,0.25101,0.62353,0.67356,0.55856,0.45064,0.83732,0.39767,0.84174,0.09506,1
0.82998,0.17876,0.71223,0.59237,0.41358,0.76236,0.62669,0.75235,0.68088,0.79391,0.19987,0.92244,0.82899,0.23038,0.49882,0.52178,0.9519,0.056121,1
0.57484,0.72267,0.97929,0.87624,0.00085838,0.31723,0.77699,0.23759,0.87873,0.40501,0.85982,0.086607,0.56828,0.94939,0.2453,0.01825,0.47303,0.34225,1
0.14372,0.57337,0.65409,0.62933,0.75659,0.84057,0.35182,0.61042,0.8357,0.17063,0.9572,0.45873,0.1208,0.81717,0.78513,0.91519,0.21488,0.52736,1
0.84987,0.58446,0.1611,0.82365,0.36524,0.51926,0.94919,0.083937,0.5221,0.73134,0.57788,0.86075,0.34666,0.65585,0.67125,0.48282,0.51096,0.62527,1
0.62109,0.64806,0.72285,0.21265,0.15546,0.6352,0.83924,0.98216,0.76341,0.69268,0.38327,0.42349,0.43828,0.58781,0.74702,0.47046,0.67624,0.16312,1
0.51195,0.67148,0.53815,0.26886,0.2625,0.30936,0.72438,0.35421,0.48413,0.42618,0.44676,0.99772,0.35579,0.95264,0.59785,0.21401,0.94816,0.45666,1
0.64937,0.16763,0.12936,0.40818,0.066166,0.65991,0.74214,0.40681,0.5517,0.78411,0.78822,0.34165,0.041123,0.53372,0.45989,0.96196,0.86902,0.67366,1
0.75117,0.055183,0.87606,0.031708,0.9537,0.11538,0.35833,0.85521,0.23366,0.93858,0.75993,0.60552,0.24232,0.49531,0.78251,0.77807,0.14409,0.013249,1
0.42355,0.40884,0.84958,0.48917,0.033935,0.24087,0.34948,0.79526,0.14085,0.039552,0.80824,0.9289,0.30501,0.90972,0.79587,0.33151,0.91956,0.50558,1
0.1919,0.48455,0.33617,0.41252,0.18403,0.10861,0.82567,0.23245,0.2582,0.11832,0.19437,0.68431,0.1568,0.51577,0.64464,0.36299,0.788,0.22336,1
0.20555,0.32215,0.61557,0.0085678,0.47076,0.38442,0.8826,0.20716,0.64203,0.18205,0.18847,0.10884,0.29863,0.0025088,0.13068,0.098357,0.70749,0.15512,1
0.035143,0.8766,0.1106,0.22499,0.37367,0.56211,0.37533,0.079091,0.44977,0.0629,0.76946,0.87894,0.95083,0.046452,0.70632,0.92867,0.096912,0.32468,1
0.35055,0.34173,0.12468,0.10338,0.69552,0.88611,0.27965,0.45479,0.71935,0.71019,0.47969,0.10352,0.10533,0.15747,0.55304,0.29573,0.92309,0.064498,1
0.71966,0.58968,0.73714,0.48497,0.25857,0.59719,0.24314,0.44512,0.512,0.17503,0.20647,0.89854,0.59066,0.78837,0.44508,0.90322,0.78896,0.82066,1
0.34169,0.38869,0.89067,0.32072,0.43579,0.56023,0.4878,0.091409,0.28836,0.81093,0.15177,0.78107,0.91445,0.5449,0.73362,0.49804,0.44004,0.98009,1
0.21263,0.083611,0.17628,0.61871,0.094737,0.18175,0.028818,0.80475,0.34192,0.23921,0.046431,0.32508,0.41878,0.52935,0.79136,0.41911,0.99442,0.42492,1
0.26205,0.065032,0.44711,0.49625,0.17572,0.72102,0.39187,0.96969,0.10509,0.1133,0.94127,0.22276,0.37901,0.22529,0.8394,0.057976,0.465,0.27888,1
0.57197,0.88812,0.21039,0.20502,0.78564,0.62142,0.10114,0.73608,0.83899,0.50311,0.2291,0.96647,0.16859,0.97012,0.62672,0.062289,0.74227,0.7894,1
0.87432,0.95926,0.51106,0.17142,0.44864,0.47098,0.17146,0.38767,0.81908,0.14523,0.023652,0.14942,0.82758,0.81098,0.97472,0.31295,0.49381,0.24188,-1
0.7369,0.65949,0.48206,0.72596,0.98187,0.4204,0.58559,0.067258,0.44175,0.28782,0.56079,0.51517,0.58203,0.018374,0.22647,0.23797,0.11764,0.14109,-1
0.65549,0.63842,0.37107,0.45671,0.55588,0.38171,0.64496,0.15334,0.50082,0.28175,0.23925,0.41475,0.76024,0.13233,0.94733,0.98765,0.04347,0.40633,1
0.3153,0.77654,0.48624,0.74438,0.31372,0.51217,0.062068,0.72435,0.50651,0.21026,0.13345,0.24702,0.0086265,0.30243,0.56248,0.85044,0.78245,0.6709,1
0.14453,0.62025,0.97409,0.24476,0.93873,0.06869,0.12748,0.016521,0.24355,0.91056,0.91076,0.21933,0.029563,0.56729,0.96846,0.29421,0.15486,0.92934,1
0.10155,0.499,0.85146,0.1592,0.27622,0.062896,0.18709,0.83626,0.97772,0.27335,0.61073,0.88646,0.19722,0.34958,0.65941,0.00089066,0.96942,0.34534,1
0.71019,0.080214,0.40424,0.64736,0.91571,0.15444,0.61467,0.32973,0.27951,0.48878,0.68023,0.82055,0.74014,0.40216,0.92141,0.1997,0.015783,0.076074,1
0.39253,0.15595,0.040233,0.53563,0.08859,0.047782,0.96375,0.029533,0.2937,0.59174,0.82795,0.028265,0.45862,0.59664,0.93801,0.62021,0.055256,0.16891,1
0.090576,0.68837,0.14845,0.346,0.52086,0.96127,0.08406,0.47079,0.78864,0.6594,0.24896,0.99009,0.42599,0.29301,0.61982,0.11354,0.035988,0.047556,1
0.062949,0.20604,0.11498,0.57403,0.48238,0.34291,0.55315,0.75796,0.011361,0.74081,0.67199,0.0089504,0.97226,0.24655,0.70408,0.35212,0.68857,0.96473,1
0.8539,0.48231,0.68033,0.65994,0.60412,0.61279,0.4219,0.074388,0.99041,0.88183,0.29521,0.795,0.3141,0.1487,0.17337,0.25798,0.20347,0.92444,-1
0.2342,0.10871,0.23245,0.52425,0.83183,0.48588,0.63536,0.74401,0.33638,0.094359,0.3437,0.44962,0.58877,0.0094787,0.26344,0.19191,0.49705,0.8917,1
0.53793,0.47631,0.47065,0.19884,0.0081543,0.72367,0.66648,0.0016807,0.04435,0.32838,0.6601,0.62797,0.72548,0.93469,0.7179,0.49251,0.81709,0.2863,1
0.33192,0.18526,0.82716,0.43988,0.080341,0.98615,0.26772,0.95963,0.63749,0.79768,0.87329,0.59591,0.35477,0.66243,0.46398,0.63339,0.40153,0.38908,1
0.98659,0.66473,0.86612,0.71439,0.21705,0.97338,0.86678,0.71404,0.33233,0.85655,0.7989,0.45483,0.22543,0.039115,0.65139,0.88709,0.71899,0.60356,1
0.88787,0.84134,0.29652,0.95326,0.89066,0.57835,0.15317,0.8837,0.37457,0.56165,0.12486,0.55863,0.20139,0.21572,0.47624,0.083434,0.24765,0.41294,-1
0.28192,0.15285,0.83631,0.76942,0.9746,0.45673,0.77883,0.42883,0.17718,0.98825,0.051057,0.061135,0.11532,0.64431,0.7643,0.32333,0.87705,0.5403,1
0.018341,0.48905,0.64585,0.22135,0.59361,0.50979,0.39783,0.34005,0.36286,0.23063,0.06133,0.72282,0.80342,0.97378,0.43782,0.044285,0.11259,0.63836,1
0.43859,0.85604,0.082391,0.54944,0.24716,0.21486,0.97701,0.64247,0.90318,0.3861,0.91872,0.7421,0.2589,0.037398,0.71173,0.36806,0.39847,0.60644,1
0.82262,0.29818,0.68873,0.99394,0.21046,0.024378,0.11222,0.009944,0.30959,0.74546,0.5392,0.60588,0.52494,0.38515,0.6424,0.56002,0.91404,0.54744,1
0.22168,0.76792,0.36596,0.85942,0.74621,0.74715,0.95922,0.65829,0.13002,0.030489,0.93765,0.16592,0.063436,0.01281,0.85132,0.83338,0.85785,0.67838,1
0.72775,0.44094,0.89561,0.3694,0.62343,0.83409,0.61686,0.28293,0.18819,0.19096,0.11134,0.090976,0.47601,0.61196,0.39646,0.14498,0.40797,0.18822,1
0.7641,0.13863,0.45583,0.84675,0.81082,0.70817,0.9143,0.31789,0.32456,0.83918,0.92657,0.38658,0.96291,0.71288,0.29358,0.66554,0.90074,0.79744,1
0.62656,0.81633,0.16181,0.48131,0.76226,0.083241,0.012562,0.41874,0.68471,0.97973,0.09945,0.4887,0.64353,0.18185,0.10684,0.39106,0.56733,0.72663,-1
0.15131,0.7047,0.23955,0.78336,0.88416,0.099026,0.95443,0.31636,0.74713,0.52662,0.10878,0.65782,0.27921,0.63562,0.089844,0.09372,0.27198,0.35705,1
0.18776,0.040816,0.32279,0.44865,0.074727,0.30163,0.73636,0.90496,0.70692,0.9655,0.73122,0.82763,0.53932,0.20403,0.02364,0.51277,0.10481,0.8093,1
0.11994,0.0031047,0.26419,0.93601,0.51154,0.47942,0.56339,0.61457,0.99519,0.073566,0.33254,0.71205,0.81407,0.55783,0.34282,0.037558,0.58804,0.65337,1
0.34787,0.24751,0.82509,0.10438,0.64437,0.34858,0.81716,0.57272,0.73897,0.23195,0.13455,0.47068,0.27303,0.69412,0.85276,0.29234,0.77244,0.14831,1
0.16103,0.31426,0.027817,0.27399,0.3465,0.0043119,0.88177,0.21636,0.45094,0.095488,0.26765,0.12166,0.080504,0.58939,0.17687,0.47176,0.76356,0.31965,1
0.66795,0.96046,0.37577,0.88734,0.40568,0.1659,0.69588,0.26781,0.35279,0.48209,0.63164,0.18123,0.35776,0.93379,0.97946,0.54777,0.69941,0.53788,1
0.90402,0.87085,0.67414,0.20696,0.47048,0.95707,0.25423,0.59276,0.87137,0.088517,0.70992,0.038213,0.35138,0.25301,0.76509,0.26414,0.95125,0.97792,-1
0.10274,0.75212,0.66913,0.7034,0.24871,0.28189,0.60343,0.7295,0.67689,0.27626,0.66121,0.7622,0.071553,0.11286,0.92681,0.15575,0.72961,0.11109,1
0.29448,0.59114,0.13574,0.12581,0.29342,0.19161,0.48426,0.87561,0.087754,0.61385,0.73138,0.9796,0.46584,0.7357,0.6444,0.35004,0.79685,0.59804,1
0.66444,0.90807,0.5974,0.57278,0.69222,0.10756,0.31631,0.12396,0.067403,0.12281,0.25384,0.96297,0.1901,0.35264,0.3602,0.22258,0.74782,0.68034,1
0.18192,0.49436,0.71168,0.99767,0.84379,0.40887,0.65935,0.54217,0.82952,0.06609,0.62001,0.13126,0.91876,0.87593,0.29632,0.64989,0.12471,0.20838,1
0.80337,0.72383,0.33671,0.35681,0.77538,0.17771,0.49641,0.95443,0.60909,0.67633,0.2225,0.70856,0.42119,0.98785,0.89841,0.94749,0.75872,0.93862,1
0.2664,0.082751,0.48402,0.23175,0.82512,0.52618,0.94788,0.70584,0.033411,0.10103,0.41245,0.23294,0.23192,0.6596,0.19783,0.98549,0.47597,0.88039,1
0.20393,0.9003,0.84975,0.82285,0.074884,0.45337,0.91147,0.2499,0.042955,0.17705,0.17258,0.79494,0.70679,0.79724,0.13987,0.014108,0.36019,0.57765,1
0.14224,0.29949,0.069461,0.76721,0.35073,0.39161,0.35076,0.99581,0.92593,0.11018,0.29315,0.16842,0.68782,0.48484,0.86518,0.50391,0.18935,0.19058,1
0.82238,0.92974,0.63638,0.77403,0.069786,0.9522,0.45839,0.86261,0.020849,0.04453,0.8287,0.46516,0.52856,0.95014,0.20537,0.030996,0.641,0.046143,1
0.019185,0.86062,0.8738,0.78222,0.46487,0.91013,0.19611,0.8441,0.26892,0.019087,0.43596,0.88261,0.29854,0.51821,0.94425,0.92273,0.029853,0.15316,1
0.64218,0.65197,0.73946,0.89632,0.42251,0.42211,0.95794,0.17748,0.38069,0.59888,0.99515,0.045176,0.9774,0.86146,0.38342,0.52402,0.83486,0.83598,1
0.88096,0.67822,0.32398,0.35047,0.19689,0.42541,0.36937,0.74644,0.37501,0.66078,0.4477,0.42405,0.61388,0.25961,0.83566,0.45212,0.18453,0.72623,-1
0.76136,0.70233,0.78332,0.79725,0.43754,0.9956,0.18208,0.78053,0.0085597,0.73517,0.18877,0.043479,0.092223,0.12575,0.24638,0.93019,0.36751,0.75285,1
0.98405,0.42148,0.26032,0.44162,0.19406,0.57311,0.63912,0.11573,0.156,0.051321,0.23182,0.81146,0.62482,0.88191,0.82154,0.77751,0.95653,0.88773,1
0.057538,0.37186,0.2396,0.23727,0.84461,0.77114,0.30573,0.67842,0.21496,0.91445,0.77315,0.78469,0.91623,0.08073,0.18917,0.59498,0.52123,0.34557,1
0.04723,0.66993,0.96062,0.45029,0.18833,0.8394,0.16907,0.61789,0.85073,0.11616,0.88746,0.63582,0.19954,0.67964,0.82604,0.74813,0.3226,0.84504,1
0.33153,0.51124,0.23614,0.63337,0.61506,0.6226,0.90573,0.93202,0.24998,0.32685,0.2147,0.75144,0.73088,0.63598,0.48675,0.27607,0.15107,0.87409,1
0.62916,0.93607,0.95217,0.29728,0.54413,0.79497,0.84858,0.2975,0.56765,0.40897,0.069486,0.54399,0.37029,0.83677,0.67891,0.85224,0.86086,0.79206,1
0.59675,0.029222,0.57637,0.66236,0.051234,0.20065,0.092808,0.64233,0.058716,0.2045,0.03736,0.39784,0.56563,0.69678,0.81064,0.11182,0.74243,0.66529,1
0.88986,0.33701,0.26767,0.14629,0.61103,0.60798,0.93288,0.10085,0.64799,0.6394,0.49384,0.27888,0.83865,0.048541,0.57646,0.13333,0.72701,0.024779,1
0.65565,0.71201,0.64331,0.60225,0.54833,0.4786,0.6918,0.74166,0.62688,0.71542,0.098868,0.45047,0.013331,0.28796,0.81149,0.61151,0.27372,0.36662,1
0.73901,0.88118,0.3919,0.055915,0.11666,0.018891,0.24813,0.67258,0.1695,0.50672,0.50808,0.50589,0.80547,0.55163,0.14808,0.34203,0.11981,0.91716,-1
0.91664,0.3843,0.5832,0.65759,0.8693,0.65919,0.98527,0.93774,0.89434,0.86555,0.30627,0.77499,0.4965,0.35932,0.1818,0.34555,0.22896,0.22135,1
0.47468,0.41153,0.92371,0.6101,0.73978,0.65141,0.92709,0.39654,0.88848,0.25131,0.30515,0.83532,0.15524,0.83249,0.15435,0.48044,0.26744,0.54028,1
0.94083,0.57266,0.44057,0.20282,0.99894,0.75615,0.23425,0.32216,0.61681,0.26042,0.69495,0.84916,0.04393,0.7848,0.63105,0.37197,0.17524,0.18646,1
0.56372,0.093467,0.16093,0.96838,0.59845,0.9925,0.52701,0.037966,0.9119,0.013105,0.3896,0.30864,0.67387,0.57349,0.25214,0.40053,0.046409,0.79643,1
0.38471,0.039109,0.3396,0.57065,0.52272,0.7315,0.98905,0.35709,0.70725,0.20918,0.32607,0.0087347,0.88939,0.66241,0.38045,0.5126,0.61024,0.95803,1
0.74576,0.80949,0.29188,0.96069,0.89713,0.051043,0.59825,0.25633,0.53269,0.62936,0.088814,0.033144,0.48293,0.055109,0.56079,0.48874,0.41185,0.85665,1
0.47085,0.76094,0.23149,0.38735,0.58127,0.71397,0.43963,0.9223,0.27746,0.95221,0.37029,0.4018,0.7675,0.86695,0.93321,0.32119,0.17995,0.47263,1
0.55516,0.34856,0.35169,0.6182,0.86387,0.10413,0.78732,0.85384,0.82769,0.077507,0.75805,0.50478,0.60307,0.29766,0.96955,0.020838,0.55765,0.52636,1
0.55852,0.3043,0.20689,0.93773,0.17214,0.098599,0.27676,0.83823,0.80705,0.7672,0.94986,0.38774,0.70444,0.89929,0.73542,0.75363,0.0088229,0.68728,1
0.28023,0.61604,0.90317,0.095171,0.39035,0.48883,0.099462,0.53466,0.74744,0.19677,0.99055,0.26693,0.74325,0.99103,0.077065,0.69183,0.97146,0.23457,1
0.98168,0.97789,0.094386,0.12007,0.92544,0.23392,0.56901,0.75613,0.23904,0.29493,0.94061,0.10157,0.40993,0.72716,0.035747,0.20525,0.13367,0.82457,-1
0.086921,0.57011,0.81337,0.114,0.57112,0.72192,0.85472,0.46559,0.072664,0.21675,0.58102,0.073181,0.96976,0.3371,0.90872,0.83705,0.79242,0.72205,1
0.61537,0.46907,0.36599,0.32832,0.11789,0.38298,0.39061,0.36567,0.6281,0.34455,0.11649,0.86661,0.97789,0.50401,0.090686,0.89055,0.024072,0.70921,1
0.9086,0.54662,0.82847,0.25833,0.62962,0.073599,0.33494,0.029205,0.26465,0.13011,0.87115,0.21679,0.5784,0.27122,0.41692,0.25406,0.40129,0.039751,-1
0.016367,0.72803,0.45806,0.62986,0.1438,0.3725,0.68273,0.23865,0.72088,0.39912,0.50122,0.71287,0.33121,0.84801,0.80302,0.67475,0.61237,0.96947,1
0.063983,0.59842,0.53,0.45735,0.36112,0.82824,0.53498,0.49463,0.51891,0.77773,0.45403,0.65985,0.40229,0.67118,0.95996,0.068912,0.1496,0.33233,1
0.92336,0.025878,0.41906,0.43077,0.52825,0.26345,0.0076667,0.30346,0.90113,0.11765,0.29749,0.73302,0.3442,0.90617,0.13254,0.88252,0.60035,0.58221,1
0.17084,0.47524,0.49074,0.13576,0.66258,0.057444,0.16014,0.62437,0.61253,0.23621,0.98733,0.41472,0.78834,0.022418,0.49526,0.21295,0.349,0.78538,1
0.59056,0.21567,0.7026,0.83761,0.028337,0.14959,0.61782,0.87037,0.95679,0.54582,0.6013,0.27586,0.86409,0.0068026,0.10543,0.42522,0.82726,0.39829,1
0.71327,0.36171,0.36013,0.90058,0.77037,0.57177,0.93741,0.42748,0.23684,0.88533,0.84044,0.68689,0.63452,0.55766,0.75486,0.085976,0.93402,0.66954,1
0.46444,0.35111,0.30164,0.46637,0.26312,0.066677,0.14774,0.77211,0.30208,0.037432,0.14517,0.097653,0.061369,0.33305,0.56648,0.43405,0.10133,0.086634,1
0.37598,0.81876,0.81022,0.54195,0.40516,0.89808,0.72947,0.66828,0.9397,0.18682,0.91327,0.53164,0.21775,0.43489,0.92168,0.38003,0.52226,0.50164,1
0.83561,0.50074,0.57123,0.18139,0.012043,0.38364,0.4059,0.97369,0.49039,0.38694,0.70208,0.30274,0.96212,0.91808,0.36303,0.6327,0.38859,0.1166,1
0.14654,0.44207,0.76128,0.47187,0.49287,0.68677,0.087041,0.77756,0.81748,0.81331,0.12035,0.83085,0.90554,0.40501,0.066925,0.47608,0.94268,0.13401,1
0.06983,0.15631,0.080642,0.42546,0.23916,0.58264,0.078472,0.94775,0.083093,0.33877,0.56914,0.29018,0.92527,0.3237,0.47185,0.73475,0.34157,0.97304,1
0.87058,0.45467,0.89427,0.011855,0.28264,0.94301,0.55541,0.41104,0.87567,0.48385,0.20733,0.015665,0.54736,0.11979,0.43644,0.40879,0.85376,0.020764,1
0.40735,0.26254,0.54711,0.5635,0.96818,0.49414,0.97799,0.57935,0.91942,0.57979,0.92575,0.97485,0.64766,0.011924,0.45262,0.42808,0.92273,0.38745,1
0.22361,0.42691,0.69214,0.21767,0.65981,0.46833,0.68875,0.4888,0.13384,0.1789,0.53679,0.69413,0.046264,0.47075,0.71031,0.99331,0.45298,0.64906,1
0.94953,0.53054,0.46534,0.66857,0.37635,0.35448,0.88633,0.46823,0.63672,0.27126,0.19701,0.80881,0.98493,0.57951,0.35437,0.7166,0.81969,0.50792,1
0.52229,0.28805,0.98151,0.3348,0.79243,0.29333,0.77845,0.63152,0.28542,0.40209,0.16996,0.85417,0.12889,0.18508,0.62759,0.81921,0.073643,0.26638,1
0.62753,0.25313,0.039083,0.76533,0.25602,0.94551,0.41496,0.34275,0.79635,0.34238,0.57651,0.1243,0.17665,0.13049,0.59412,0.76463,0.8278,0.95292,1
0.88472,0.6243,0.11369,0.97618,0.87336,0.50905,0.32919,0.63555,0.554,0.88274,0.79075,0.71935,0.11866,0.62832,0.47509,0.56257,0.97672,0.32446,1
0.5006,0.27753,0.52134,0.37224,0.56164,0.70217,0.37527,0.75177,0.44752,0.53588,0.017654,0.58192,0.98998,0.39043,0.28167,0.99608,0.017741,0.96145,1
0.41649,0.83642,0.73513,0.06375,0.0064964,0.7619,0.18948,0.52443,0.7765,0.94691,0.64553,0.59967,0.50969,0.27576,0.74424,0.86475,0.70412,0.92246,1
0.51171,0.66192,0.46943,0.8053,0.80632,0.97117,0.81157,0.054232,0.3875,0.35986,0.46049,0.3454,0.1467,0.68489,0.32205,0.635,0.39503,0.55468,1
0.48706,0.54355,0.70991,0.71464,0.26749,0.56561,0.86077,0.59758,0.76039,0.79728,0.93635,0.36856,0.098085,0.21471,0.27617,0.57136,0.36237,0.2755,1
0.79557,0.58131,0.31483,0.47581,0.10183,0.59569,0.43246,0.3113,0.66967,0.98442,0.48038,0.75827,0.1153,0.74211,0.058388,0.55939,0.81344,0.46571,1
0.029674,0.76507,0.50387,0.64579,0.047242,0.63895,0.54083,0.080023,0.47559,0.57071,0.33805,0.74353,0.75236,0.10233,0.65408,0.060762,0.6856,0.75941,1
0.4994,0.22024,0.1719,0.62589,0.41276,0.67278,0.6155,0.37948,0.053474,0.081122,0.42691,0.32329,0.18049,0.65206,0.3387,0.37409,0.90555,0.20393,1
0.023606,0.23427,0.14002,0.78411,0.75082,0.2745,0.7928,0.3111,0.94937,0.18926,0.73873,0.20072,0.83969,0.62621,0.52271,0.61029,0.49615,0.00026262,1
0.45336,0.096726,0.22383,0.25077,0.96191,0.7783,0.45433,0.9886,0.76536,0.37389,0.92089,0.86078,0.85638,0.90424,0.50743,0.02555,0.59066,0.65504,1
0.23,0.89868,0.69467,0.31949,0.78709,0.64658,0.18644,0.43325,0.70167,0.78047,0.058863,0.55837,0.7786,0.76367,0.051101,0.30193,0.89735,0.92995,1
0.50706,0.12499,0.39751,0.94087,0.81889,0.40146,0.7264,0.51035,0.54217,0.76493,0.46714,0.49938,0.57021,0.057711,0.27064,0.8477,0.53173,0.72912,1
0.096364,0.40511,0.38368,0.7282,0.55747,0.22659,0.57238,0.014881,0.10324,0.41229,0.47271,0.65161,0.60891,0.67481,0.85827,0.80629,0.84574,0.12583,1
0.39091,0.48145,0.72944,0.79412,0.097321,0.079587,0.064292,0.093171,0.68018,0.96544,0.7626,0.52489,0.42758,0.3072,0.70492,0.70786,0.48837,0.58503,1
0.3797,0.46315,0.54045,0.30722,0.79896,0.21853,0.3863,0.95802,0.31314,0.66379,0.55049,0.059593,0.45751,0.37373,0.20641,0.09731,0.42211,0.45969,1
0.64515,0.74896,0.45162,0.22393,0.31757,0.7083,0.62748,0.57177,0.42158,0.80054,0.9552,0.55071,0.034296,0.069697,0.027346,0.53268,0.24534,0.42988,1
0.20694,0.8545,0.27565,0.85084,0.71746,0.088588,0.97436,0.22356,0.25728,0.55377,0.24598,0.82693,0.68208,0.7041,0.16809,0.78447,0.0040931,0.49865,1
0.93481,0.19674,0.6823,0.32234,0.0018892,0.75448,0.50502,0.73516,0.16424,0.059953,0.65139,0.4903,0.44345,0.028134,0.10659,0.86939,0.46412,0.17578,1
0.010828,0.23209,0.4738,0.0019722,0.98771,0.66473,0.58825,0.29055,0.20539,0.24095,0.31698,0.14158,0.92945,0.59941,0.59522,0.90691,0.58069,0.16107,1
0.61027,0.20744,0.81998,0.55224,0.98021,0.69051,0.50593,0.3341,0.028831,0.99284,0.51251,0.90293,0.13435,0.22108,0.1586,0.79395,0.47812,0.49208,1
0.51696,0.96282,0.52727,0.34331,0.86084,0.29769,0.29983,0.80594,0.99147,0.57268,0.46385,0.19391,0.5377,0.45177,0.97271,0.091343,0.057113,0.81992,1
0.34248,0.0062498,0.68806,0.43859,0.51472,0.30818,0.59076,0.58774,0.35753,0.50406,0.89362,0.39011,0.52263,0.17982,0.65798,0.58953,0.7548,0.56458,1
0.2588,0.95145,0.174,0.94541,0.29873,0.93782,0.51219,0.5448,0.50624,0.13864,0.80547,0.78261,0.87864,0.36299,0.23549,0.50684,0.67649,0.59307,1
0.92793,0.62109,0.49851,0.30322,0.16243,0.43237,0.10196,0.91023,0.80539,0.46115,0.64048,0.019831,0.33579,0.46648,0.24368,0.96769,0.093833,0.4374,1
0.68981,0.32869,0.97712,0.1569,0.90254,0.81247,0.074167,0.41846,0.72418,0.68385,0.968,0.6641,0.84773,0.6401,0.58201,0.42003,0.095028,0.5144,1
0.2483,0.73977,0.65854,0.99397,0.15203,0.19678,0.10683,0.79597,0.33309,0.089207,0.80586,0.60791,0.057002,0.75117,0.6012,0.93374,0.69347,0.16911,1
0.037892,0.99052,0.59257,0.59376,0.85555,0.32918,0.28452,0.72309,0.14508,0.47333,0.52303,0.60053,0.72405,0.24193,0.042108,0.53682,0.70904,0.44655,1
0.57497,0.15242,0.050307,0.54998,0.51928,0.86338,0.99893,0.71186,0.71421,0.70424,0.96544,0.66902,0.13917,0.89104,0.48986,0.23351,0.65441,0.74695,1
0.22199,0.86182,0.89838,0.035001,0.64855,0.13075,0.65533,0.96489,0.85657,0.94412,0.040389,0.62069,0.37272,0.80072,0.77495,0.81504,0.76884,0.056441,1
0.11788,0.50636,0.93807,0.86206,0.53457,0.43842,0.73987,0.18614,0.58113,0.25,0.76935,0.6306,0.016973,0.81158,0.79818,0.54173,0.16877,0.77469,1
0.7942,0.087101,0.17803,0.5266,0.48663,0.035692,0.48229,0.82226,0.11102,0.72283,0.55908,0.57728,0.66865,0.53985,0.55192,0.76815,0.66338,0.6319,1
0.4427,0.18121,0.78506,0.67728,0.83884,0.15921,0.030116,0.22188,0.57556,0.43515,0.42996,0.14709,0.87121,0.13955,0.58681,0.041774,0.62704,0.38221,1
0.60427,0.01369,0.020551,0.4993,0.81535,0.59245,0.86368,0.12905,0.19305,0.63525,0.85219,0.74841,0.95987,0.52404,0.98712,0.9143,0.27797,0.34079,1
0.91793,0.26937,0.75225,0.6868,0.35606,0.010177,0.018213,0.81482,0.36702,0.72912,0.10096,0.061516,0.51177,0.23831,0.87014,0.30666,0.43308,0.071215,1
0.95688,0.7365,0.15227,0.48981,0.31278,0.091058,0.22021,0.76632,0.22444,0.5235,0.35077,0.94129,0.66064,0.77787,0.33263,0.91712,0.25503,0.4808,-1
0.61992,0.18585,0.25293,0.19915,0.94107,0.51878,0.31947,0.70212,0.28941,0.14496,0.90147,0.48769,0.65504,0.14461,0.42758,0.58768,0.56967,0.90397,1
0.1255,0.70773,0.47962,0.16507,0.15841,0.46603,0.70194,0.14673,0.58855,0.21568,0.15736,0.87003,0.53895,0.77121,0.25671,0.89989,0.62901,0.22318,1
0.03906,0.78947,0.10087,0.076758,0.99293,0.98394,0.20431,0.47556,0.13134,0.89328,0.22207,0.0012815,0.31034,0.72981,0.93795,0.80251,0.86805,0.033363,1
0.47839,0.034884,0.42849,0.86837,0.1317,0.24302,0.42518,0.27561,0.17939,0.81798,0.23969,0.51929,0.032273,0.56669,0.50022,0.2948,0.44788,0.69332,1
0.27021,0.81274,0.58666,0.027161,0.68117,0.53507,0.74993,0.68376,0.099293,0.83656,0.81903,0.085001,0.90819,0.85477,0.66861,0.19056,0.38183,0.28589,1
0.76038,0.96953,0.046424,0.36855,0.09327,0.91951,0.8698,0.43437,0.56534,0.31627,0.13925,0.48164,0.66532,0.040425,0.68971,0.44681,0.71231,0.12798,-1
0.0018702,0.10826,0.72455,0.39861,0.20044,0.13477,0.22714,0.077468,0.78276,0.59284,0.15092,0.89646,0.50317,0.96504,0.84446,0.58135,0.63766,0.062904,1
0.89643,0.67507,0.74866,0.48472,0.92903,0.012658,0.44848,0.12161,0.73447,0.71763,0.28041,0.88854,0.71331,0.49745,0.37203,0.95249,0.54612,0.48488,1
0.72888,0.99837,0.38137,0.40667,0.59353,0.82077,0.11627,0.52845,0.84055,0.96054,0.67674,0.47543,0.87249,0.50736,0.41138,0.74082,0.78642,0.19586,1
0.42167,0.777,0.1299,0.24832,0.9463,0.27209,0.83693,0.2438,0.50371,0.67149,0.3959,0.59298,0.85488,0.0949,0.69963,0.22978,0.20671,0.23263,1
0.69796,0.56654,0.60205,0.1534,0.37094,0.9162,0.60789,0.18073,0.88282,0.83244,0.074975,0.23521,0.18478,0.1676,0.083075,0.79854,0.50577,0.25938,1
0.39702,0.070974,0.88536,0.69226,0.38278,0.92484,0.29329,0.55445,0.20938,0.17136,0.26177,0.73561,0.34537,0.16156,0.095692,0.065049,0.21498,0.52837,1
0.23595,0.88757,0.60934,0.41718,0.67766,0.85088,0.20899,0.94174,0.34643,0.0070059,0.028498,0.68298,0.79606,0.0036923,0.13543,0.17803,0.80577,0.84135,1
0.96649,0.25863,0.96797,0.72658,0.44096,0.63371,0.27953,0.021822,0.34096,0.61993,0.17805,0.93648,0.51849,0.61401,0.43925,0.10291,0.30066,0.76719,1
0.33552,0.23994,0.065573,0.74046,0.30969,0.80336,0.46732,0.086101,0.17611,0.99492,0.37547,0.052203,0.63001,0.98272,0.61721,0.1202,0.26479,0.11926,1
0.43697,0.30649,0.90816,0.73618,0.70422,0.54153,0.3228,0.72169,0.42987,0.51341,0.1091,0.69446,0.99561,0.82727,0.40343,0.57484,0.58456,0.45236,1
0.28704,0.0035123,0.40592,0.84852,0.90855,0.040396,0.17457,0.79245,0.049547,0.60562,0.8372,0.24106,0.24863,0.036557,0.029384,0.13911,0.9787,0.35974,1
0.43211,0.37906,0.058318,0.071483,0.18113,0.86966,0.92085,0.51123,0.65305,0.85519,0.63865,0.84412,0.38781,0.38824,0.54803,0.35612,0.43877,0.74208,1
0.15435,0.49589,0.85029,0.5572,0.39921,0.31542,0.47628,0.66114,0.11983,0.56652,0.1617,0.31465,0.38187,0.81108,0.53423,0.077015,0.50163,0.41732,1
0.78334,0.89236,0.80212,0.98442,0.21219,0.80887,0.26423,0.96982,0.14415,0.74107,0.38561,0.071712,0.93586,0.22716,0.56739,0.04907,0.37556,0.10441,-1
0.36061,0.55712,0.94425,0.4788,0.73191,0.51357,0.9612,0.91735,0.011853,0.45944,0.37855,0.46054,0.027554,0.24832,0.78587,0.87455,0.96273,0.24746,1
0.35307,0.97693,0.087819,0.8117,0.060713,0.61459,0.96789,0.35155,0.44105,0.60144,0.33306,0.1853,0.25044,0.58383,0.28457,0.49118,0.16602,0.62202,1
0.051491,0.14537,0.63038,0.75398,0.10857,0.98181,0.37816,0.61441,0.48115,0.49324,0.82643,0.58776,0.94012,0.56647,0.72671,0.55459,0.57275,0.87199,1
0.079826,0.20332,0.77197,0.13941,0.021107,0.1686,0.56458,0.32645,0.4127,0.93872,0.44399,0.20891,0.689,0.94592,0.0040301,0.038272,0.066066,0.73686,-1
0.13738,0.65801,0.034349,0.092818,0.25127,0.87391,0.49368,0.10878,0.69408,0.16477,0.49658,0.76849,0.43097,0.20093,0.45919,0.16235,0.11274,0.053235,1
0.54016,0.41107,0.83345,0.24432,0.3054,0.12123,0.64815,0.41449,0.40593,0.82379,0.56574,0.96857,0.48607,0.017614,0.37452,0.85574,0.307,0.012072,1
0.31775,0.60958,0.31949,0.21196,0.66809,0.78367,0.15295,0.82148,0.98373,0.85835,0.052127,0.5124,0.1001,0.71523,0.18374,0.83001,0.98952,0.24443,1
0.32444,0.72168,0.19545,0.92461,0.88146,0.11145,0.34124,0.2309,0.64429,0.75197,0.60845,0.26192,0.61732,0.74963,0.12479,0.70336,0.041845,0.31552,1
0.18393,0.43734,0.28555,0.082354,0.55214,0.25857,0.12234,0.040724,0.97579,0.31036,0.74199,0.96036,0.43449,0.094097,0.39029,0.72926,0.31843,0.14276,1
0.65282,0.43289,0.42583,0.51342,0.12572,0.55432,0.54895,0.87793,0.42234,0.43162,0.40668,0.91535,0.41464,0.3451,0.89295,0.14801,0.29807,0.94203,1
0.53264,0.82242,0.24756,0.31304,0.62036,0.21654,0.87758,0.1368,0.25355,0.68321,0.20374,0.2885,0.83296,0.60486,0.886,0.6947,0.90913,0.4133,1
0.091162,0.074867,0.16509,0.34836,0.75703,0.88036,0.034781,0.55907,0.86213,0.9752,0.86331,0.82054,0.36287,0.82027,0.67453,0.60365,0.9885,0.9133,1
0.96723,0.64281,0.66194,0.38156,0.45707,0.58506,0.70847,0.44878,0.89902,0.98137,0.95885,0.87547,0.94654,0.085794,0.87764,0.64269,0.22446,0.29861,-1
0.70922,0.77214,0.99725,0.19409,0.4965,0.047236,0.46407,0.69678,0.78644,0.45463,0.93307,0.08063,0.22305,0.42373,0.75584,0.39834,0.73383,0.66066,1
0.4926,0.37519,0.072783,0.97901,0.83255,0.74676,0.5568,0.28042,0.46057,0.46954,0.69136,0.19572,0.74879,0.20873,0.12049,0.24648,0.86661,0.80249,1
0.84619,0.38978,0.91604,0.96446,0.78098,0.97564,0.84124,0.91323,0.38987,0.74861,0.87692,0.57163,0.32667,0.074939,0.99409,0.84102,0.078183,0.075543,1
0.67721,0.63557,0.10979,0.61537,0.23206,0.14193,0.070342,0.80436,0.1969,0.53095,0.19281,0.42945,0.80912,0.23102,0.51739,0.62084,0.99613,0.30226,1
0.83087,0.87405,0.22007,0.80931,0.93503,0.74376,0.7735,0.99423,0.39715,0.15258,0.79901,0.99704,0.08794,0.92381,0.21688,0.68275,0.53608,0.007718,1
0.07553,0.78683,0.34969,0.29142,0.88344,0.77678,0.11993,0.0098446,0.18754,0.49638,0.78889,0.33976,0.44815,0.39494,0.42855,0.2842,0.4676,0.16117,1
0.53768,0.44756,0.84407,0.17702,0.03728,0.52916,0.753,0.16187,0.79386,0.91855,0.34624,0.79015,0.75956,0.31998,0.82908,0.38865,0.35035,0.71567,1
0.80868,0.35704,0.012811,0.59955,0.17758,0.12684,0.76311,0.60659,0.46544,0.69136,0.066099,0.37726,0.10561,0.75751,0.94965,0.19763,0.45982,0.30593,1
0.81512,0.58794,0.56262,0.27172,0.76136,0.23242,0.63804,0.20102,0.98221,0.3708,0.84956,0.33224,0.58906,0.48308,0.22757,0.002749,0.67998,0.51687,1
0.7758,0.68881,0.0031297,0.70678,0.44841,0.69584,0.4177,0.89361,0.68681,0.78375,0.51988,0.13686,0.2404,0.26154,0.44491,0.52128,0.23765,0.54961,1
0.63738,0.62837,0.12661,0.67971,0.082718,0.25416,0.27203,0.061772,0.11318,0.87723,0.97878,0.90814,0.81352,0.53683,0.54137,0.62439,0.8912,0.6256,-1
0.78198,0.065603,0.75644,0.71862,0.95176,0.93281,0.22889,0.89886,0.8165,0.87075,0.003282,0.54994,0.77584,0.9776,0.083731,0.16922,0.070945,0.29203,1
0.73635,0.13138,0.62099,0.83079,0.91262,0.62817,0.0046585,0.16047,0.003231,0.64786,0.54218,0.80109,0.23818,0.72155,0.30458,0.36423,0.19885,0.28319,1
0.30472,0.64631,0.21483,0.91377,0.50874,0.24994,0.054798,0.02396,0.93271,0.84402,0.68319,0.33641,0.054896,0.49103,0.88115,0.4581,0.24248,0.81046,1
0.17367,0.5502,0.36873,0.083828,0.72239,0.061738,0.67277,0.49366,0.22961,0.97158,0.31505,0.22691,0.20238,0.18899,0.53208,0.78324,0.28957,0.60757,1
0.27655,0.1443,0.86507,0.58138,0.42111,0.73729,0.5302,0.45804,0.023928,0.90297,0.40491,0.11213,0.28225,0.53309,0.22894,0.49856,0.94881,0.60009,1
0.25218,0.05222,0.88169,0.36662,0.20634,0.17964,0.89746,0.84883,0.65659,0.65187,0.67143,0.72724,0.21433,0.40681,0.26334,0.88844,0.088818,0.98781,1
0.31418,0.22515,0.62657,0.50161,0.68649,0.89298,0.24127,0.057583,0.49976,0.44624,0.33938,0.41758,0.82576,0.77293,0.74461,0.27986,0.20282,0.63768,1
0.85262,0.60166,0.027016,0.008831,0.14707,0.96206,0.049088,0.068448,0.21701,0.16067,0.41952,0.38048,0.15776,0.78958,0.95149,0.68352,0.054471,0.25374,1
0.84122,0.32493,0.65525,0.043974,0.062798,0.37024,0.71601,0.19117,0.093658,0.35021,0.85814,0.3567,0.31741,0.61853,0.4632,0.080987,0.13197,0.3904,1
0.42562,0.98403,0.8684,0.90575,0.33009,0.35638,0.35951,0.048687,0.33658,0.26166,0.72489,0.15816,0.26322,0.88364,0.31002,0.902,0.87979,0.61202,1
0.99363,0.52301,0.79893,0.84154,0.74567,0.031099,0.82819,0.16873,0.73298,0.29236,0.5968,0.35258,0.89643,0.96827,0.61185,0.39287,0.80422,0.0317,1
0.99684,0.45752,0.79011,0.92112,0.62488,0.8877,0.13702,0.65377,0.066509,0.55652,0.74763,0.92594,0.95052,0.94101,0.76787,0.72455,0.83979,0.17993,1
0.87451,0.69239,0.53335,0.26433,0.38787,0.15011,0.66528,0.60048,0.99717,0.027605,0.36425,0.15455,0.79089,0.9582,0.7302,0.974,0.91288,0.67484,1
0.54734,0.94062,0.91925,0.053232,0.97274,0.34288,0.89091,0.64463,0.31819,0.54069,0.36039,0.43982,0.47172,0.7106,0.063851,0.32501,0.44437,0.99966,1
0.67793,0.10358,0.26131,0.87593,0.27656,0.82433,0.059703,0.39258,0.8485,0.89986,0.59052,0.02448,0.12258,0.062629,0.91645,0.95948,0.67113,0.55898,1
0.75482,0.34286,0.98878,0.53005,0.50394,0.66835,0.14307,0.28354,0.48358,0.30551,0.72064,0.7049,0.82049,0.10987,0.11437,0.9657,0.65819,0.76354,1
0.85754,0.39518,0.77648,0.85668,0.22419,0.90302,0.66958,0.37371,0.55577,0.84711,0.13031,0.43559,0.45127,0.51419,0.61047,0.31206,0.15838,0.36985,1
0.16115,0.92615,0.30972,0.82135,0.58796,0.02768,0.25792,0.56226,0.46873,0.44393,0.87854,0.41023,0.47368,0.47752,0.34717,0.65005,0.56269,0.42723,1
0.72472,0.16278,0.20488,0.028565,0.42945,0.54944,0.39664,0.83172,0.83517,0.80928,0.27493,0.89189,0.0067164,0.99969,0.00953,0.0080292,0.7829,0.47049,1
0.68686,0.12184,0.71678,0.58617,0.48066,0.62098,0.16522,0.45163,0.96482,0.28085,0.015481,0.10666,0.55097,0.45723,0.71817,0.053602,0.92832,0.37234,1
0.40195,0.048769,0.99373,0.65252,0.33678,0.28752,0.95455,0.65752,0.51585,0.93218,0.047367,0.61565,0.73554,0.41449,0.99601,0.22171,0.42397,0.832,1
0.58038,0.53512,0.19102,0.2875,0.60257,0.32589,0.12833,0.14237,0.66593,0.79384,0.022413,0.64045,0.76115,0.28237,0.687,0.25952,0.016632,0.44389,1
0.95389,0.31903,0.14719,0.16856,0.32457,0.55853,0.73824,0.44086,0.27816,0.75852,0.48795,0.24465,0.28443,0.42803,0.32534,0.75672,0.28746,0.40334,1
0.56783,0.94483,0.41311,0.41569,0.69984,0.20698,0.3463,0.85925,0.52367,0.28683,0.079056,0.93295,0.64126,0.13407,0.96513,0.12422,0.5521,0.99071,-1
0.44974,0.19109,0.85924,0.89441,0.63631,0.41317,0.90539,0.20639,0.9374,0.70559,0.25938,0.31798,0.0043322,0.44981,0.049894,0.44168,0.31162,0.78012,1
0.19675,0.91418,0.0089196,0.88262,0.89357,0.39754,0.02415,0.90314,0.59361,0.37951,0.12415,0.98769,0.31258,0.17281,0.71318,0.4654,0.51531,0.70438,1
0.12883,0.11596,0.50616,0.74875,0.65257,0.85813,0.04144,0.69228,0.59818,0.14371,0.71272,0.56254,0.20815,0.91127,0.64764,0.32951,0.72116,0.69976,1
0.76812,0.51674,0.2981,0.045373,0.95906,0.67889,0.21183,0.50432,0.12599,0.039068,0.68545,0.62728,0.074464,0.19638,0.79006,0.10833,0.14119,0.90747,1
0.58752,0.78226,0.40265,0.64276,0.13821,0.49459,0.58147,0.33119,0.76898,0.58676,0.91015,0.95116,0.16956,0.29087,0.66611,0.15343,0.87412,0.94986,1
0.24346,0.48501,0.44818,0.51084,0.73542,0.32028,0.76941,0.88646,0.95485,0.36537,0.61367,0.25138,0.49198,0.64481,0.34076,0.66851,0.54418,0.89155,1
0.71883,0.82922,0.64478,0.95216,0.92038,0.72507,0.80621,0.0033995,0.5445,0.42682,0.0055717,0.16497,0.69462,0.41735,0.39904,0.41374,0.6184,0.81182,1
0.30827,0.83935,0.94494,0.75915,0.70556,0.30163,0.01198,0.3687,0.69887,0.39433,0.75403,0.29552,0.16624,0.3696,0.48004,0.18337,0.33047,0.85537,1
0.19312,0.79487,0.18593,0.40418,0.23402,0.3335,0.63238,0.51736,0.60327,0.32966,0.28606,0.17455,0.55825,0.33935,0.16247,0.20892,0.261,0.64378,1
0.29288,0.29069,0.55979,0.39156,0.34218,0.18486,0.82437,0.78435,0.29988,0.32066,0.81539,0.089518,0.39808,0.54747,0.51218,0.98181,0.10933,0.09791,1
0.86358,0.016716,0.55095,0.13242,0.0264,0.79327,0.75855,0.48064,0.75211,0.0048827,0.53259,0.94791,0.57344,0.15785,0.31421,0.33434,0.64969,0.091447,1
0.21233,0.69724,0.097383,0.28042,0.22038,0.60152,0.80228,0.40181,0.36112,0.62753,0.23469,0.64811,0.59922,0.44371,0.012349,0.82592,0.59463,0.40642,1
0.97438,0.13869,0.12008,0.18362,0.57709,0.36334,0.51959,0.15326,0.53352,0.067084,0.094038,0.67766,0.26729,0.30069,0.84217,0.94292,0.91701,0.89954,1
0.81873,0.80406,0.93229,0.10616,0.45531,0.84673,0.40099,0.19585,0.15159,0.91007,0.97223,0.25996,0.58714,0.84056,0.78002,0.66637,0.2178,0.86652,1
0.36554,0.9197,0.96605,0.44515,0.47502,0.45819,0.7982,0.34703,0.4019,0.42096,0.62229,0.36267,0.26099,0.15554,0.29229,0.24161,0.40827,0.2682,1
0.36933,0.28104,0.51533,0.53334,0.71444,0.50523,0.72022,0.25337,0.43479,0.22624,0.54481,0.99366,0.88423,0.31422,0.90064,0.17604,0.49101,0.33415,1
0.7022,0.17233,0.33111,0.017627,0.28851,0.44738,0.36396,0.097357,0.32462,0.52179,0.77948,0.44553,0.29087,0.61064,0.6383,0.13195,0.39048,0.56982,1
0.1158,0.84583,0.28172,0.93155,0.085654,0.83563,0.3044,0.26368,0.96949,0.69927,0.58471,0.92042,0.72066,0.38202,0.017184,0.72077,0.33879,0.079511,1
0.10598,0.16997,0.61312,0.69983,0.041022,0.47424,0.94237,0.98291,0.30694,0.92429,0.65894,0.53394,0.30042,0.85951,0.41077,0.26688,0.88422,0.21226,1
0.45745,0.060943,0.4377,0.52174,0.80196,0.44232,0.43573,0.38765,0.90891,0.033245,0.89588,0.21382,0.38912,0.93319,0.21571,0.66015,0.033846,0.35528,1
0.80954,0.83751,0.073442,0.58989,0.86843,0.35113,0.3899,0.18812,0.53654,0.73226,0.0058645,NaN,NaN,NaN,0.048439,0.33024,0.25573,0.56544,1
0.36992,0.9877,0.17043,0.98156,0.068741,0.28062,0.61398,0.32124,0.54324,0.28365,0.26183,NaN,NaN,NaN,0.60625,0.75026,0.094154,0.66674,1
0.71429,0.79242,0.78995,0.90675,0.86305,0.3867,0.59332,0.88164,0.62204,0.83667,0.2572,NaN,NaN,NaN,0.59188,0.43245,0.40742,0.17584,1
0.96756,0.54193,0.13315,0.85164,0.629,0.92179,0.77227,0.94217,0.37939,0.12701,0.47679,NaN,NaN,NaN,0.8199,0.95232,0.49409,0.60746,1
0.74964,0.17814,0.42803,0.63146,0.017963,0.8596,0.028397,0.12619,0.92238,0.64953,0.28164,NaN,NaN,NaN,0.22386,0.65047,0.79995,0.22959,1
0.64158,0.72116,0.9329,0.43817,0.37587,0.3076,0.7843,0.13854,0.89472,0.11151,0.32015,NaN,NaN,NaN,0.24985,0.25353,0.62142,0.89738,-1
0.77239,0.035451,0.1018,0.5187,0.51331,0.42421,0.27084,0.32293,0.32782,0.38381,0.69098,NaN,NaN,NaN,0.1094,0.56051,0.10096,0.16259,1
0.049105,0.13859,0.97515,0.78324,0.49455,0.94448,0.0076097,0.84789,0.58324,0.16923,0.90481,NaN,NaN,NaN,0.69736,0.63662,0.029956,0.74499,1
0.59166,0.053059,0.06701,0.20978,0.59562,0.88736,0.29149,0.28364,0.54821,0.6206,0.64451,NaN,NaN,NaN,0.84959,0.30585,0.27706,0.40398,1
0.39227,0.54871,0.84363,0.54275,0.60567,0.90437,0.096424,0.1045,0.44317,0.26661,0.54603,NaN,NaN,NaN,0.639,0.6689,0.66809,0.032885,1
0.64947,0.14924,0.68611,0.97712,0.25412,0.68461,0.4375,0.44667,0.71471,0.60023,0.056158,NaN,NaN,NaN,0.42926,0.83912,0.30401,0.82294,1
0.15412,0.46617,0.53189,0.95759,0.68229,0.92256,0.73275,0.2778,0.17046,0.1304,0.92834,NaN,NaN,NaN,0.39541,0.96987,0.054321,0.6384,1
0.37394,0.65466,0.3562,0.041751,0.11063,0.15012,0.75213,0.8733,0.21581,0.7894,0.98084,NaN,NaN,NaN,0.85005,0.97977,0.84504,0.39349,1
0.44933,0.8862,0.98136,0.49436,0.40807,0.047486,0.80267,0.2425,0.49565,0.97511,0.36029,NaN,NaN,NaN,0.77473,0.68598,0.7658,0.018258,1
0.75674,0.89332,0.49194,0.66019,0.70238,0.24064,0.7414,0.80872,0.89189,0.24699,0.62246,NaN,NaN,NaN,0.31761,0.18391,0.67879,0.53037,1
0.82037,0.47743,0.014259,0.98693,0.30503,0.48113,0.035891,0.91856,0.48547,0.26032,0.64147,NaN,NaN,NaN,0.56154,0.11717,0.060245,0.50804,1
0.95452,0.58406,0.4335,0.33479,0.56323,0.052003,0.42031,0.11667,0.46178,0.68703,0.84642,NaN,NaN,NaN,0.28371,0.13971,0.70681,0.37544,-1
0.99919,0.73112,0.11106,0.17773,0.87458,0.44712,0.53772,0.22583,0.035561,0.98325,0.78569,NaN,NaN,NaN,0.68189,0.015057,0.22113,0.34874,1
0.11854,0.25723,0.7792,0.50915,0.80903,0.73498,0.79374,0.62672,0.027184,0.25262,0.96567,NaN,NaN,NaN,0.49206,0.71217,0.82638,0.64726,1
0.15874,0.69898,0.21817,0.75456,0.78841,0.48389,0.2495,0.7482,0.70637,0.18645,0.75599,NaN,NaN,NaN,0.17744,0.4598,0.67683,0.75758,1
0.66736,0.023866,0.34298,0.38289,0.76263,0.26284,0.59671,0.7155,0.0045043,0.35827,0.9675,NaN,NaN,NaN,0.88317,0.90963,0.2155,0.58945,1
0.91695,0.85984,0.4851,0.94818,0.16246,0.96454,0.56895,0.48301,0.82937,0.15862,0.77715,NaN,NaN,NaN,0.42147,0.52449,0.80216,0.76711,1
0.33508,0.75748,0.17711,0.94425,0.67329,0.36923,0.68014,0.25724,0.55277,0.87193,0.73796,NaN,NaN,NaN,0.93164,0.4938,0.78975,0.59839,1
0.18621,0.59234,0.55126,0.20437,0.9868,0.72315,0.50767,0.20428,0.87839,0.69782,0.15537,NaN,NaN,NaN,0.3728,0.82372,0.66042,0.11056,1
0.51055,0.87187,0.91162,0.71572,0.29116,0.60827,0.073636,0.98155,0.74698,0.29774,0.81997,NaN,NaN,NaN,0.83558,0.64258,0.55095,0.86189,1
0.077906,0.85108,0.12527,0.45981,0.27171,0.060265,0.58675,0.010003,0.070124,0.63502,0.92664,NaN,NaN,NaN,0.08735,0.80182,0.51731,0.2977,1
0.62479,0.94571,0.55755,0.65285,0.4814,0.93141,0.60188,0.66366,0.24788,0.1665,0.50351,NaN,NaN,NaN,0.37803,0.51771,0.62782,0.60179,-1
0.48874,0.92627,0.75519,0.87033,0.91559,0.47587,0.38735,0.90447,0.1355,0.008442,0.019875,NaN,NaN,NaN,0.23082,0.39345,0.66576,0.010227,1
0.88377,0.65599,0.66466,0.4885,0.68674,0.023729,0.46873,0.50073,0.17275,0.3826,0.70907,NaN,NaN,NaN,0.25665,0.1377,0.51472,0.8701,1
0.89357,0.35521,0.066133,0.25463,0.23917,0.14722,0.25541,0.86801,0.076027,0.61287,0.58176,NaN,NaN,NaN,0.65776,0.85218,0.96278,0.56029,1
0.72152,0.76443,0.84715,0.051406,0.64974,0.2351,0.23177,0.31443,0.81668,0.17679,0.10967,NaN,NaN,NaN,0.43392,0.64552,0.65062,0.95957,1
0.45381,0.58251,0.19937,0.31274,0.71774,0.19438,0.12788,0.97462,0.01452,0.36129,0.44552,NaN,NaN,NaN,0.98803,0.44525,0.45449,0.10503,1
0.050651,0.36711,0.45075,0.73579,0.47435,0.56061,0.084664,0.60269,0.80365,0.34791,0.71286,NaN,NaN,NaN,0.96396,0.93641,0.047084,0.8762,1
0.88171,0.27186,0.442,0.0026523,0.73102,0.58514,0.011419,0.3595,0.56035,0.27465,0.033603,NaN,NaN,NaN,0.55272,0.37159,0.54101,0.13155,1
0.00041401,0.64858,0.45717,0.63889,0.96798,0.79361,0.63371,0.63835,0.008,0.4527,0.86068,NaN,NaN,NaN,0.25156,0.73143,0.47992,0.077756,1
0.79969,0.046555,0.65159,0.59591,0.056842,0.8796,0.973,0.58116,0.6384,0.33634,0.80151,NaN,NaN,NaN,0.59763,0.7005,0.22342,0.30043,1
0.82796,0.06359,0.93614,0.28806,0.35003,0.31195,0.17011,0.76392,0.12963,0.13538,0.1458,NaN,NaN,NaN,0.68749,0.54913,0.71713,0.63037,1
0.38406,0.2776,0.20887,0.91703,0.59083,0.65171,0.16178,0.45472,0.19777,0.8745,0.89146,NaN,NaN,NaN,0.056886,0.54401,0.078428,0.75376,1
0.24288,0.77369,0.26172,0.083172,0.95141,0.20064,0.33304,0.63157,0.27932,0.53879,0.21287,NaN,NaN,NaN,0.61425,0.11303,0.14832,0.090106,1
0.47559,0.96739,0.87977,0.74452,0.35993,0.51091,0.069008,0.65038,0.70144,0.054263,0.17086,NaN,NaN,NaN,0.9766,0.38804,0.81845,0.30805,1
0.69773,0.28039,0.25488,0.56407,0.99465,0.81395,0.65743,0.72585,0.75257,0.58517,0.55408,NaN,NaN,NaN,0.68893,0.13213,0.40146,0.67847,1
0.10394,0.57352,0.095015,0.71987,0.41942,0.90775,0.91685,0.80123,0.76502,0.95255,0.49667,NaN,NaN,NaN,0.94028,0.17264,0.50073,0.91785,1
0.35073,0.8754,0.5043,0.10931,0.42286,0.23044,0.54602,0.4871,0.97258,0.0040656,0.63506,NaN,NaN,NaN,0.65134,0.77279,0.95325,0.61946,1
0.84501,0.61085,0.8349,0.4467,0.97664,0.28334,0.86706,0.10931,0.42057,0.57156,0.95654,NaN,NaN,NaN,0.40929,0.53291,0.25371,0.18422,-1
0.68781,0.34477,0.82481,0.41812,0.85883,0.74606,0.87396,0.70843,0.67955,0.75336,0.23991,NaN,NaN,NaN,0.3316,0.43879,0.26946,0.34047,1
0.12884,0.95453,0.68898,0.61635,0.44307,0.25943,0.83202,0.38938,0.96462,0.99954,0.95066,NaN,NaN,NaN,0.49981,0.27847,0.53605,0.33313,1
0.96519,0.043445,0.75565,0.23505,0.70897,0.074265,0.66967,0.29206,0.38956,0.98526,0.94149,NaN,NaN,NaN,0.13439,0.32544,0.60527,0.98326,1
0.13372,0.97923,0.050065,0.79321,0.90774,0.81733,0.29773,0.54413,0.51992,0.94385,0.12905,NaN,NaN,NaN,0.27659,0.51478,0.78438,0.46888,1
0.42117,0.020188,0.36332,0.32371,0.60106,0.77149,0.56049,0.16008,0.60698,0.65465,0.78137,NaN,NaN,NaN,0.080168,0.84735,0.41718,0.68566,1
0.44166,0.19865,0.96722,0.82238,0.21254,0.85508,0.75712,0.73945,0.60419,0.41106,0.53211,NaN,NaN,NaN,0.66407,0.3731,0.48527,0.45322,1
0.73546,0.37622,0.4247,0.70702,0.31536,0.95572,0.23835,0.23576,0.22144,0.23259,0.79129,NaN,NaN,NaN,0.95668,0.10892,0.99045,0.43088,1
0.2342,0.89567,0.29983,0.12552,0.58508,0.82967,0.9321,0.91549,0.49302,0.19816,0.46142,NaN,NaN,NaN,0.31228,0.39791,0.39489,0.36698,1
0.83353,0.089357,0.88495,0.32084,0.13255,0.31877,0.15613,0.8149,0.14181,0.70039,0.8753,NaN,NaN,NaN,0.011821,0.060966,0.84211,0.28467,1
0.1442,0.91333,0.030111,0.2397,0.16902,0.21868,0.57777,0.9078,0.90933,0.14023,0.54014,NaN,NaN,NaN,0.58614,0.79611,0.4742,0.050116,1
0.92985,0.47037,0.39014,0.82076,0.43532,0.8734,0.24213,0.015095,0.099207,0.42565,0.51154,NaN,NaN,NaN,0.91815,0.28408,0.83202,0.14919,1
0.3459,0.012085,0.3336,0.38583,0.22242,0.54741,0.58324,0.70051,0.72569,0.037074,0.1902,NaN,NaN,NaN,0.70338,0.83371,0.87334,0.95391,1
0.24513,0.38021,0.27393,0.025923,0.83997,0.93663,0.6322,0.96291,0.10742,0.93258,0.69663,NaN,NaN,NaN,0.83155,0.6199,0.69776,0.77444,1
0.91107,0.53628,0.56574,0.37701,0.20889,0.54111,0.9411,0.24615,0.65633,0.39904,0.41619,NaN,NaN,NaN,0.46934,0.89645,0.38381,0.29074,1
0.48938,0.80605,0.60629,0.061993,0.73552,0.27545,0.91009,0.86001,0.36961,0.78591,0.22238,NaN,NaN,NaN,0.016735,0.82092,0.97727,0.68904,1
0.56178,0.95932,0.035378,0.22616,0.28077,0.58051,0.98569,0.61375,0.22666,0.50316,0.56557,NaN,NaN,NaN,0.36076,0.50221,0.041973,0.84392,-1
0.11166,0.6927,0.40202,0.85869,0.88535,0.55323,0.37015,0.69788,0.64542,0.86255,0.9751,NaN,NaN,NaN,0.18748,0.42748,0.13283,0.52339,1
0.69164,0.48307,0.631,0.39886,0.82145,0.099103,0.020633,0.67184,0.98733,0.49138,0.31506,NaN,NaN,NaN,0.87077,0.67543,0.31447,0.085217,1
0.33136,0.20554,0.46603,0.29322,0.75524,0.014083,0.52418,0.53428,0.43259,0.7589,0.039995,NaN,NaN,NaN,0.90847,0.36022,0.74742,0.13761,1
0.57324,0.39655,0.44634,0.93404,0.95667,0.40243,0.94779,0.76837,0.7782,0.4143,0.17749,NaN,NaN,NaN,0.33999,0.53497,0.1924,0.19998,1
0.9593,0.3437,0.88908,0.26365,0.92926,0.59762,0.30289,0.98776,0.62677,0.20715,0.32237,NaN,NaN,NaN,0.19298,0.15834,0.57326,0.32286,1
0.9478,0.7951,0.47745,0.12218,0.17701,0.98975,0.45295,0.38628,0.90522,0.55381,0.56754,NaN,NaN,NaN,0.37105,0.56522,0.28313,0.046476,1
0.11082,0.33437,0.90529,0.10288,0.065935,0.63434,0.05493,0.32988,0.45901,0.097769,0.6031,NaN,NaN,NaN,0.21919,0.59829,0.88921,0.0044572,1
0.52098,0.43611,0.23559,0.13202,0.12524,0.29141,0.76611,0.65893,0.94001,0.022047,0.48421,NaN,NaN,NaN,0.1037,0.048855,0.70517,0.25157,1
0.46947,0.25534,0.28746,0.81408,0.55901,0.75746,0.50097,0.73697,0.84763,0.7356,0.19907,NaN,NaN,NaN,0.051421,0.14578,0.88681,0.54157,1
0.28428,0.16138,0.1815,0.24629,0.22089,0.86161,0.53075,0.37458,0.15711,0.5901,0.083202,NaN,NaN,NaN,0.29668,0.45407,0.9468,0.56958,1
0.030936,0.98954,0.60486,0.075946,0.44515,0.76231,0.15203,0.34663,0.59127,0.70656,0.13781,NaN,NaN,NaN,0.38553,0.47656,0.42437,0.81452,1
0.027095,0.52614,0.49772,0.8965,0.48384,0.742,0.078152,0.92804,0.3451,0.29405,0.94758,NaN,NaN,NaN,0.15492,0.67899,0.85797,0.93309,1
0.78123,0.82692,0.40635,0.83384,0.36558,0.26832,0.96861,0.56318,0.29368,0.37208,0.073879,NaN,NaN,NaN,0.42313,0.69534,0.46029,0.05565,-1
0.82765,0.66983,0.085315,0.68555,0.28571,0.78127,0.39925,0.44035,0.1027,0.8183,0.18193,NaN,NaN,NaN,0.2934,0.58091,0.93752,0.66193,1
0.73078,0.10447,0.57185,0.84446,0.84623,0.62069,0.56237,0.040843,0.39601,0.88205,0.12327,NaN,NaN,NaN,0.72419,0.48527,0.11471,0.78125,1
0.70701,0.74666,0.99476,0.087542,0.054594,0.030033,0.8429,0.20832,0.082887,0.39266,0.40084,NaN,NaN,NaN,0.41141,0.21978,0.73565,0.94886,1
0.40745,0.098932,0.25808,0.49605,0.025334,0.86928,0.32032,0.8551,0.96844,0.84875,0.26678,NaN,NaN,NaN,0.32474,0.26317,0.024066,0.69568,1
0.3963,0.18696,0.9108,0.99233,0.10173,0.89513,0.96427,0.54586,0.35118,0.77927,0.41902,NaN,NaN,NaN,0.23452,0.44172,0.6381,0.61267,1
0.85981,0.1251,0.53577,0.19104,0.45351,0.10325,0.52053,0.075624,0.64372,0.678,0.27379,NaN,NaN,NaN,0.85748,0.95746,0.038266,0.31512,1
0.28278,0.40063,0.63395,0.15931,0.34804,0.80026,0.79738,0.94886,0.42484,0.85184,0.031722,NaN,NaN,NaN,0.061691,0.20792,0.12138,0.42614,1
0.89668,0.84999,0.62313,0.90144,0.71194,0.91577,0.33545,0.16684,0.77116,0.84124,0.16047,NaN,NaN,NaN,0.34631,0.066418,0.33311,0.57996,1
0.51523,0.4971,0.9486,0.02059,0.38321,0.33445,0.43231,0.95177,0.20162,0.45588,0.85478,NaN,NaN,NaN,0.50011,0.78598,0.16901,0.35804,1
0.25554,0.522,0.32225,0.4676,0.24809,0.30082,0.6536,0.59187,0.91375,0.025496,0.061848,NaN,NaN,NaN,0.76654,0.91274,0.17568,0.4621,1
0.54313,0.21503,0.30799,0.48219,0.42786,0.20716,0.55308,0.37023,0.30897,0.20192,0.088626,NaN,NaN,NaN,0.16635,0.79038,0.95743,0.27515,1
0.70307,0.45629,0.04916,0.21338,0.23731,0.19826,0.28461,0.89397,0.40705,0.48766,0.11685,NaN,NaN,NaN,0.027867,0.92839,0.43516,0.89306,1
0.67302,0.73564,0.85534,0.17181,0.57822,0.80735,0.3605,0.43416,0.14545,0.5595,0.74544,NaN,NaN,NaN,0.4014,0.85751,0.26235,0.2152,1
0.92249,0.57185,0.82025,0.7886,0.53796,0.36382,0.73803,0.681,0.2951,0.44742,0.7438,NaN,NaN,NaN,0.88902,0.59433,0.29457,0.99662,1
0.85139,0.99776,0.58056,0.67912,0.53023,0.18413,0.40031,0.35416,0.3117,0.95851,0.67527,NaN,NaN,NaN,0.62519,0.65767,0.24982,0.70376,-1
0.16273,0.50464,0.65603,0.42658,0.93981,0.82516,0.34917,0.079023,0.34137,0.24203,0.76229,NaN,NaN,NaN,0.78273,0.027716,0.61659,0.33672,1
0.31763,0.74397,0.64911,0.54449,0.4165,0.77609,0.9543,0.39811,0.68792,0.18131,0.62187,NaN,NaN,NaN,0.39206,0.10156,0.85299,0.46066,1
0.19792,0.10978,0.69813,0.45425,0.99374,0.52577,0.64689,0.27006,0.93484,0.21364,0.80951,NaN,NaN,NaN,0.76744,0.23706,0.56789,0.73944,1
0.72436,0.62899,0.8961,0.32872,0.19592,0.24637,0.0045901,0.45842,0.43763,0.88912,0.93732,NaN,NaN,NaN,0.095008,0.63037,0.35102,0.11164,1
0.17825,0.19232,0.73632,0.28057,0.18631,0.14027,0.40787,0.62178,0.56514,0.6252,0.67969,NaN,NaN,NaN,0.011002,0.9229,0.7121,0.27038,1
0.50463,0.38746,0.36746,0.88596,0.33191,0.32463,0.47408,0.21972,0.47233,0.049155,0.45375,NaN,NaN,NaN,0.24098,0.017082,0.12606,0.038549,1
0.79027,0.68544,0.28895,0.5118,0.66126,0.60283,0.89128,0.52906,0.57448,0.15531,0.11373,NaN,NaN,NaN,0.30053,0.60547,0.15104,0.81687,1
0.25936,0.63615,0.03906,0.41025,0.67043,0.22692,0.54158,0.47545,0.84393,0.47044,0.3676,NaN,NaN,NaN,0.46553,0.30219,0.89515,0.58382,1
0.93936,0.75109,0.70424,0.97055,0.6429,0.56765,0.19385,0.16162,0.48222,0.66478,0.8887,NaN,NaN,NaN,0.52917,0.097588,0.92614,0.23421,-1
0.80459,0.36237,0.1159,0.58033,0.32367,0.97399,0.86043,0.58807,0.95818,0.21835,0.91592,NaN,NaN,NaN,0.45594,0.47028,0.72902,0.24082,1
0.40403,0.44018,0.81079,0.11573,0.82978,0.57261,0.68874,0.89628,0.36654,0.32671,0.40818,NaN,NaN,NaN,0.4841,0.90256,0.77145,0.22223,1
0.21275,0.15588,0.64338,0.92519,0.90017,0.17164,0.093846,0.046379,0.83576,0.52272,0.096126,NaN,NaN,NaN,0.47563,0.99364,0.56539,0.081418,1
0.01915,0.60411,0.056579,0.14992,0.37101,0.70732,0.9055,0.36236,0.80601,0.10046,0.72674,NaN,NaN,NaN,0.21246,0.35411,0.53242,0.24704,1
0.61707,0.32784,0.71765,0.67391,0.6579,0.62344,0.85045,0.40661,0.35818,0.56379,0.37996,NaN,NaN,NaN,0.63029,0.97704,0.1999,0.48709,1
0.66657,0.36109,0.74868,0.3111,0.031686,0.78365,0.18579,0.64012,0.87303,0.77611,0.6087,NaN,NaN,NaN,0.0050676,0.27696,0.2057,0.43603,1
0.065922,0.30902,0.020914,0.5551,0.74838,0.62948,0.82208,0.43075,0.78543,0.97161,0.52464,NaN,NaN,NaN,0.80111,0.829,0.80846,0.50022,1
0.76355,0.56654,0.80527,0.50256,0.078713,0.58969,0.71258,0.37927,0.032923,0.41842,0.00049792,NaN,NaN,NaN,0.7208,0.66394,0.061565,0.31891,1
0.26196,0.80386,0.2149,0.8108,0.54525,0.13351,0.10624,0.49351,0.93134,0.65686,0.6836,NaN,NaN,NaN,0.72948,0.12472,0.09796,0.022337,1
0.3077,0.010779,0.1429,0.27365,0.09901,0.84161,0.95916,0.41796,0.41161,0.59682,0.39522,NaN,NaN,NaN,0.99438,0.2039,0.68899,0.09449,1
0.043391,0.0019221,0.4201,0.74387,0.76761,0.020805,0.27417,0.59985,0.063671,0.307,0.34458,NaN,NaN,NaN,0.63365,0.33856,0.46806,0.18116,1
0.54573,0.20782,0.35393,0.47716,0.92712,0.39329,0.81324,0.75966,0.38606,0.069948,0.72113,NaN,NaN,NaN,0.13211,0.010669,0.13411,0.40579,1
0.16929,0.42832,0.27901,0.5295,0.23188,0.7209,0.25868,0.6937,0.3245,0.94571,0.046434,NaN,NaN,NaN,0.55878,0.94519,0.77452,0.85876,1
0.90218,0.24281,0.15059,0.67124,0.20174,0.49423,0.69995,0.99271,0.50246,0.82362,0.55988,NaN,NaN,NaN,0.54282,0.40204,0.97844,0.49338,1
0.07763,0.28855,0.46966,0.36451,0.69484,0.17902,0.89597,0.93438,0.69937,0.63933,0.50745,NaN,NaN,NaN,0.89664,0.3492,0.72371,0.28001,1
0.97621,0.56093,0.47812,0.52627,0.75762,0.96734,0.042822,0.84024,0.664,0.058176,0.67218,NaN,NaN,NaN,0.86459,0.76707,0.58063,0.48202,1
0.34185,0.39428,0.20025,0.86586,0.27592,0.069851,0.83861,0.46412,0.45383,0.54663,0.022511,NaN,NaN,NaN,0.8229,0.40923,0.44141,0.25767,1
0.013722,0.16687,0.72275,0.88996,0.26557,0.12859,0.42267,0.57234,0.8646,0.065032,0.13981,NaN,NaN,NaN,0.35146,0.055512,0.34157,0.51452,1
0.86909,0.29655,0.18678,0.0086858,0.51878,0.56568,0.21447,0.19376,0.6676,0.74803,0.44366,NaN,NaN,NaN,0.67016,0.19135,0.16449,0.061724,1
0.60127,0.81975,0.38694,0.35045,0.93554,0.68932,0.225,0.12852,0.85585,0.58085,0.75442,NaN,NaN,NaN,0.57504,0.69191,0.97093,0.90341,1
0.21849,0.93853,0.31887,0.35605,0.38688,0.65587,0.34353,0.33346,0.5245,0.31413,0.99151,NaN,NaN,NaN,0.73347,0.22256,0.91695,0.21858,1
0.45764,0.082138,0.52409,0.18539,0.63456,0.71508,0.87981,0.71892,0.75948,0.9377,0.22786,NaN,NaN,NaN,0.75627,0.19605,0.38021,0.72945,1
0.74068,0.62117,0.96141,0.04975,0.94723,0.95336,0.51526,0.12221,0.57154,0.49768,0.77082,NaN,NaN,NaN,0.36298,0.088217,0.28718,0.88309,-1
0.55615,0.55493,0.92701,0.73291,0.65077,0.25179,0.9343,0.15532,0.28873,0.62953,0.8366,NaN,NaN,NaN,0.52032,0.86182,0.7833,0.85544,1
0.81499,0.30307,0.71015,0.095862,0.18051,0.11983,0.69366,0.97082,0.81312,0.08634,0.47092,NaN,NaN,NaN,0.60012,0.41423,0.8337,0.57438,1
0.46401,0.90518,0.1496,0.87631,0.83445,0.16339,0.82493,0.098669,0.5295,0.012517,0.86172,NaN,NaN,NaN,0.87662,0.32198,0.5462,0.78447,1
0.20745,0.055561,0.79583,0.69959,0.40047,0.11027,0.67587,0.82139,0.3199,0.42917,0.59398,NaN,NaN,NaN,0.48214,0.0053808,0.012964,0.92274,1
0.095844,0.59965,0.87473,0.76292,0.092636,0.037749,0.72328,0.065104,0.99505,0.86019,0.3655,NaN,NaN,NaN,0.7106,0.26711,0.18713,0.79926,1
0.42765,0.83293,0.57653,0.84284,0.11534,0.51989,0.60756,0.57041,0.050763,0.92061,0.42561,NaN,NaN,NaN,0.042846,0.87401,0.22939,0.016412,1
0.87567,0.31292,0.81381,0.029666,0.82521,0.34053,0.84659,0.14746,0.98003,0.35251,0.99994,NaN,NaN,NaN,0.64612,0.99558,0.020406,0.47428,1
0.20047,0.51013,0.34451,0.76013,0.72725,0.41102,0.80656,0.18077,0.6529,0.072635,0.58552,NaN,NaN,NaN,0.71332,0.23243,0.1787,0.72635,1
0.27504,0.40652,0.77612,0.96557,0.61158,0.4536,0.76675,0.40109,0.088903,0.37725,0.5366,NaN,NaN,NaN,0.45288,0.9863,0.30619,0.15257,1
0.12525,0.72258,0.73143,0.13932,0.50595,0.46041,0.44246,0.34047,0.44855,0.91316,0.1029,NaN,NaN,NaN,0.84076,0.55478,0.9026,0.96627,1
0.22462,0.073226,0.95161,0.42872,0.81196,0.5032,0.41328,0.060426,0.11206,0.083197,0.1872,NaN,NaN,NaN,0.14892,0.76446,0.81326,0.90783,1
0.53856,0.41248,0.76527,0.77591,0.45664,0.51533,0.11512,0.64743,0.61653,0.99229,0.16483,NaN,NaN,NaN,0.91128,0.94011,0.23971,0.41133,1
0.98557,0.23481,0.2447,0.60046,0.61866,0.32924,0.70327,0.86168,0.71842,0.10729,0.33867,NaN,NaN,NaN,0.035177,0.88821,0.069835,0.91514,1
0.30367,0.61309,0.54651,0.57022,0.013702,0.79811,0.35449,0.51101,0.68954,0.92334,0.45798,NaN,NaN,NaN,0.79828,0.96346,0.6422,0.55367,1
0.057153,0.1531,0.67091,0.64733,0.34214,0.66112,0.063567,0.035983,0.04568,0.47505,0.57301,NaN,NaN,NaN,0.20395,0.16338,0.64461,0.94094,1
0.67781,0.6436,0.85922,0.69364,0.50192,0.040029,0.62739,0.88678,0.63014,0.43375,0.47984,NaN,NaN,NaN,0.9042,0.72721,0.14329,0.71034,1
0.43361,0.070471,0.39689,0.53522,0.0039739,0.6473,0.86205,0.23176,0.79147,0.090876,0.98836,NaN,NaN,NaN,0.67688,0.079107,0.32136,0.11786,1
0.036301,0.81571,0.86475,0.19848,0.46796,0.37393,0.92733,0.79681,0.58441,0.23491,0.81219,NaN,NaN,NaN,0.95159,0.50995,0.94289,0.38521,1
0.32344,0.488,0.6806,0.22215,0.15241,0.53456,0.14775,0.99537,0.25731,0.81522,0.20925,NaN,NaN,NaN,0.44758,0.044397,0.0080396,0.19419,1
0.63068,0.22176,0.78381,0.83305,0.79303,0.17426,0.72053,0.68513,0.95377,0.89536,0.2857,NaN,NaN,NaN,0.99916,0.037569,0.98505,0.15938,1
0.65035,0.97383,0.090476,0.16443,0.040273,0.34446,0.12028,0.77274,0.19419,0.14827,0.25273,NaN,NaN,NaN,0.92558,0.61322,0.29155,0.96719,1
0.49866,0.417,0.11857,0.39003,0.46249,0.15687,0.3141,0.55145,0.82296,0.90244,0.65283,NaN,NaN,NaN,0.027193,0.34361,0.91322,0.79043,1
0.091349,0.13048,0.16637,0.40237,0.80385,0.83744,0.66383,0.82632,0.25511,0.72716,0.29804,NaN,NaN,NaN,0.5081,0.81287,0.9303,0.93607,1
0.86488,0.71043,0.9208,0.30401,0.96413,0.6985,0.30732,0.019251,0.30206,0.043415,0.071086,NaN,NaN,NaN,0.52382,0.60857,0.16094,0.83764,1
0.29295,0.86172,0.54044,0.60732,0.034445,0.29875,0.4885,0.78649,0.23716,0.90949,0.84222,NaN,NaN,NaN,0.14346,0.21244,0.39413,0.49521,1
0.59581,0.96611,0.50941,0.66255,0.12221,0.98421,0.49105,0.071069,0.1261,0.30233,0.089746,NaN,NaN,NaN,0.073111,0.032968,0.5611,0.80401,1
0.14549,0.31787,0.3796,0.15472,0.57205,0.2128,0.45715,0.085022,0.88707,0.4008,0.42798,NaN,NaN,NaN,0.16727,0.92064,0.58655,0.66049,1
0.52624,0.91027,0.99093,0.72276,0.13983,0.64003,0.024906,0.95695,0.18731,0.76958,0.70346,NaN,NaN,NaN,0.93874,0.37887,0.36023,0.64402,-1
0.37949,0.11346,0.58568,0.25781,0.92081,0.6698,0.61731,0.27416,0.72968,0.67057,0.30098,NaN,NaN,NaN,0.74648,0.18005,0.9096,0.62439,1
0.1767,0.12084,0.59287,0.61776,0.79776,0.47148,0.37855,0.92288,0.74286,0.80403,0.016514,NaN,NaN,NaN,0.18109,0.25558,0.34902,0.54814,1
0.99021,0.29413,0.31534,0.99468,0.77791,0.12275,0.18082,0.78101,0.59812,0.7128,0.87984,NaN,NaN,NaN,0.12758,0.72118,0.99679,0.41802,1
0.067202,0.78857,0.61172,0.2697,0.74178,0.4417,0.059332,0.83595,0.11986,0.71724,0.341,NaN,NaN,NaN,0.069393,0.31608,0.74426,0.44169,1
0.3561,0.51599,0.0047398,0.068294,0.26023,0.078115,0.36152,0.21558,0.73751,0.27103,0.89492,NaN,NaN,NaN,0.57926,0.091902,0.44609,0.829,1
0.53225,0.26517,0.15685,0.63819,0.89585,0.46415,0.21934,0.78906,0.79724,0.51024,0.52173,NaN,NaN,NaN,0.26147,0.88033,0.37696,0.03954,1
0.5828,0.77009,0.33305,0.034803,0.30777,0.68038,0.17404,0.26383,0.37441,0.33018,0.91059,NaN,NaN,NaN,0.74325,0.243,0.083429,0.3992,-1
0.63463,0.66205,0.7438,0.91446,0.49085,0.085907,0.26286,0.73137,0.22814,0.57433,0.33245,NaN,NaN,NaN,0.54797,0.58515,0.33452,0.99141,1
0.55084,0.086129,0.078132,0.57749,0.074318,0.063833,0.88808,0.050672,0.16554,0.44209,0.79626,NaN,NaN,NaN,0.30593,0.41718,0.32467,0.26526,1
0.78849,0.23099,0.022494,0.4666,0.62244,0.52951,0.046944,0.026699,0.91768,0.74176,0.37465,NaN,NaN,NaN,0.44297,0.74892,0.6884,0.71906,1
0.75403,0.92869,0.19183,0.22866,0.77769,0.49804,0.91591,0.51599,0.088446,0.46375,0.66627,NaN,NaN,NaN,0.81128,0.70768,0.00021936,0.17194,1
0.58421,0.22514,0.95704,0.18147,0.55142,0.75372,0.14161,0.46703,0.99225,0.8066,0.87148,NaN,NaN,NaN,0.26849,0.88962,0.62393,0.8096,1
0.61227,0.52924,0.51548,0.76766,0.53927,0.70027,0.32652,0.1976,0.181,0.031234,0.23776,NaN,NaN,NaN,0.78644,0.289,0.88226,0.84572,1
0.36161,0.9189,0.22425,0.13583,0.29989,0.094403,0.12627,0.29851,0.47021,0.53088,0.49044,NaN,NaN,NaN,0.15574,0.56915,0.23519,0.9841,1
0.26986,0.32327,0.98523,0.88258,0.049639,0.97833,0.99752,0.0929,0.15184,0.69428,0.29154,NaN,NaN,NaN,0.27912,0.15329,0.8616,0.12399,1
0.77103,0.68211,0.94155,0.34606,0.5752,0.41431,0.99228,0.41377,0.77506,0.51335,0.20475,NaN,NaN,NaN,0.091156,0.62667,0.50975,0.44842,1
0.23141,0.14246,0.71139,0.29826,0.39648,0.39605,0.37756,0.30288,0.94525,0.83253,0.24532,NaN,NaN,NaN,0.78955,0.49812,0.11046,0.51672,1
0.84282,0.87784,0.26681,0.58436,0.16105,0.6765,0.78278,0.30658,0.67279,0.88559,0.22033,NaN,NaN,NaN,0.94498,0.73642,0.5967,0.71391,-1
0.41158,0.24482,0.0096233,0.93099,0.8937,0.43217,0.20544,0.51993,0.20826,0.22735,0.61609,NaN,NaN,NaN,0.53606,0.75707,0.36152,0.67774,1
0.083972,0.70163,0.41351,0.3426,0.31987,0.73106,0.19639,0.559,0.33788,0.31971,0.82424,NaN,NaN,NaN,0.11807,0.4787,0.52386,0.35538,1
0.29808,0.42744,0.67486,0.44113,0.010247,0.61147,0.20781,0.14145,0.5155,0.96235,0.7279,NaN,NaN,NaN,0.97789,0.29873,0.4283,0.3823,1
0.98046,0.448,0.23038,0.6272,0.88118,0.94146,0.28082,0.83113,0.50946,0.54072,0.92118,NaN,NaN,NaN,0.20806,0.78021,0.7551,0.068373,1
0.43043,0.17729,0.23977,0.56015,0.13539,0.0004755,0.44653,0.25057,0.017317,0.12189,0.65847,NaN,NaN,NaN,0.56939,0.16952,0.49782,0.20202,1
0.57121,0.71113,0.83073,0.80477,0.52493,0.43718,0.13669,0.49826,0.85321,0.52045,0.59673,NaN,NaN,NaN,0.7555,0.24812,0.41534,0.20678,1
0.93713,0.67338,0.61924,0.36753,0.85284,0.0088991,0.49617,0.75366,0.24261,0.67254,0.63191,NaN,NaN,NaN,0.80672,0.068122,0.87148,0.88656,-1
0.31415,0.62248,0.37282,0.057525,0.38952,0.84647,0.10184,0.00029559,0.043326,0.33985,0.05391,NaN,NaN,NaN,0.8883,0.74424,0.36912,0.36537,1
0.1927,0.45239,0.30265,0.015052,0.69419,0.99613,0.64227,0.61001,0.27355,0.60616,0.39018,NaN,NaN,NaN,0.62106,0.073319,0.072947,0.9761,1
0.65714,0.48937,0.13371,0.41195,0.08778,0.35629,0.4802,0.029678,0.4001,0.28055,0.38412,NaN,NaN,NaN,0.33448,0.573,0.61018,0.73771,1
0.91589,0.84272,0.51895,0.090622,0.33698,0.89358,0.9787,0.67487,0.2634,0.79811,0.35355,NaN,NaN,NaN,0.5125,0.81055,0.59333,0.14256,-1
0.4786,0.94118,0.76924,0.95078,0.18941,0.11274,0.74565,0.5271,0.87099,0.1931,0.82956,NaN,NaN,NaN,0.19881,0.86711,0.46163,0.65282,1
0.0077926,0.77929,0.86747,0.70482,0.98328,0.4203,0.71061,0.17475,0.26769,0.76113,0.43671,NaN,NaN,NaN,0.11319,0.3648,0.20147,0.53654,1
0.60807,0.031556,0.59826,0.79477,0.14568,0.37818,0.46195,0.42529,0.057396,0.48094,0.30782,NaN,NaN,NaN,0.96937,0.46433,0.76034,0.76244,1
